262 348 0
0.063069 0.335830 0.422770
0.407800 0.392110 -0.368330
-0.377090 -0.292610 -0.184270
-0.310390 -0.433000 -0.070652
0.105650 -0.007075 0.175090
-0.091447 0.320950 -0.263520
0.130650 -0.426400 0.404180
0.149990 0.164230 0.462470
-0.289120 -0.032247 0.028946
0.085619 -0.305250 0.345960
-0.026194 -0.030265 -0.266880
0.280550 -0.297380 0.344980
0.382990 -0.431890 0.461640
0.243410 -0.370670 0.189460
-0.142550 0.336690 -0.122000
0.292130 0.271360 -0.229260
-0.154400 -0.140220 -0.252200
0.204920 -0.151520 0.391240
0.227830 -0.285030 0.439650
-0.430190 0.111140 0.307350
0.279890 -0.453470 0.028598
-0.278030 0.213410 -0.145400
-0.465200 -0.232980 0.372900
0.392310 0.425260 0.286260
0.056310 -0.106200 -0.318440
0.250100 0.198950 -0.105710
0.096941 -0.005706 0.215210
0.281060 -0.092765 0.088894
0.444460 0.428840 0.056940
-0.365230 -0.214100 0.058939
0.025822 0.500000 0.188290
0.060704 0.297230 0.500000
0.036812 0.288910 0.500000
-0.428050 0.500000 0.285110
0.008887 0.357630 0.500000
0.018581 0.224600 0.500000
0.050354 0.344660 0.500000
0.116160 0.500000 0.331810
-0.157850 0.500000 0.058926
0.171520 0.323030 0.500000
-0.076679 0.500000 0.417470
0.020562 0.500000 0.078144
-0.026618 0.500000 -0.046703
-0.046662 0.500000 -0.003492
0.085925 0.500000 -0.020269
0.061425 0.500000 0.023040
0.249540 0.500000 0.058797
0.371260 0.500000 -0.432590
0.030791 0.350800 -0.500000
0.500000 0.348530 -0.139140
0.391740 0.301280 -0.500000
0.359040 0.500000 -0.237050
0.457650 0.500000 -0.325210
0.355490 0.500000 -0.364200
0.500000 0.136990 -0.291480
0.309830 0.447060 -0.500000
0.500000 0.429320 -0.357750
0.270310 0.500000 -0.320860
-0.500000 -0.434650 -0.221430
-0.500000 -0.192850 -0.297880
-0.421530 -0.500000 -0.172760
-0.077989 -0.500000 -0.284740
-0.360410 -0.303140 -0.500000
-0.500000 -0.330570 -0.163680
-0.309800 -0.500000 -0.410310
-0.500000 -0.078032 -0.186780
-0.500000 -0.260440 -0.134810
-0.460890 -0.437250 -0.500000
-0.410160 -0.500000 -0.333240
-0.500000 -0.384930 -0.123500
-0.500000 -0.111050 -0.373540
-0.500000 0.214760 -0.447210
-0.500000 0.188900 -0.358740
0.166250 -0.500000 0.425100
0.358250 -0.500000 0.468090
-0.326240 0.486590 -0.500000
0.292190 -0.287430 -0.500000
-0.500000 0.164050 0.280460
-0.500000 0.274200 0.021619
0.323690 0.500000 -0.412180
-0.312500 -0.500000 -0.099947
-0.343620 -0.500000 -0.087572
-0.163010 -0.500000 -0.171000
-0.296470 -0.500000 -0.242290
-0.073175 -0.500000 -0.053678
-0.324380 -0.500000 -0.041665
-0.500000 -0.487950 -0.044211
-0.192140 -0.500000 0.243070
-0.300790 -0.500000 -0.021590
0.278840 0.129880 0.500000
0.428660 -0.060716 0.500000
0.500000 0.261870 0.419700
0.449990 0.500000 0.294690
-0.009876 0.345510 -0.500000
-0.006571 0.327380 -0.500000
0.007808 0.343450 -0.500000
-0.001470 0.317260 -0.500000
0.324500 -0.500000 -0.053983
-0.500000 -0.249720 0.359930
-0.500000 -0.271310 0.100670
0.155610 0.174380 0.500000
0.195750 -0.007051 0.500000
0.500000 0.314960 -0.057505
0.500000 0.356630 0.078188
0.500000 0.304500 -0.031473
0.500000 0.248590 0.002542
0.500000 0.373920 0.017803
0.326310 0.194390 -0.500000
0.180020 -0.014145 -0.500000
0.130510 0.177030 0.500000
-0.389740 -0.386320 0.500000
0.500000 0.488480 0.236790
0.500000 0.465380 0.061273
-0.500000 -0.038664 0.139510
-0.500000 0.078540 0.301760
-0.500000 -0.211610 0.362270
-0.500000 -0.158190 0.132920
0.500000 -0.152360 0.292350
0.500000 -0.205480 0.283990
0.500000 -0.250800 0.321060
0.500000 -0.213290 0.261560
0.500000 -0.184220 0.287010
0.500000 -0.021959 0.276480
0.500000 -0.173810 0.244330
0.130060 -0.251990 0.500000
0.138380 -0.047460 0.500000
0.123210 -0.217680 0.500000
0.235390 -0.297870 0.500000
0.145000 -0.191910 0.500000
0.160490 -0.228000 0.500000
0.127000 -0.184850 0.500000
-0.500000 -0.253280 0.386760
0.027224 -0.500000 -0.318440
0.222450 -0.500000 -0.079166
0.077772 -0.500000 -0.334520
-0.112090 -0.314680 0.500000
-0.151440 -0.290800 0.500000
-0.128050 -0.299010 0.500000
-0.166430 -0.270830 0.500000
-0.178750 -0.291980 0.500000
-0.135980 -0.284800 0.500000
-0.154030 -0.295860 0.500000
-0.500000 0.467910 -0.277740
-0.190900 0.429270 -0.500000
-0.230860 0.500000 -0.216030
-0.500000 0.102190 -0.480430
-0.050426 0.500000 -0.246850
0.500000 -0.353880 -0.269390
0.500000 -0.292950 -0.357680
-0.196650 -0.177860 -0.500000
-0.260200 -0.232400 -0.500000
-0.132340 -0.201020 -0.500000
-0.244250 -0.500000 -0.466670
0.494120 0.500000 -0.004612
0.500000 -0.260490 0.227450
0.500000 -0.320420 0.295200
0.500000 -0.275870 0.187210
0.500000 -0.300680 0.145850
0.500000 -0.207590 0.161290
0.018164 -0.403230 0.500000
0.125740 -0.500000 0.354290
-0.155250 -0.500000 0.284280
0.166590 -0.490480 0.500000
0.359120 0.500000 0.274610
0.397770 0.500000 0.110090
0.120580 0.165890 0.500000
-0.226770 0.142990 0.500000
0.500000 0.461430 0.427000
-0.433880 0.500000 0.283590
-0.432840 0.500000 0.280560
-0.500000 0.467140 -0.236270
-0.500000 0.398740 -0.228390
0.106200 0.133280 0.500000
0.093168 0.263970 0.500000
0.185540 0.248790 0.500000
-0.500000 0.078381 -0.106880
-0.172620 0.500000 0.037848
0.104380 -0.500000 0.297850
-0.171980 -0.500000 0.275990
0.267780 0.500000 -0.083728
0.401000 0.500000 0.062776
0.232480 -0.500000 0.055213
0.153250 -0.500000 -0.074065
0.260500 -0.500000 0.006936
0.195540 -0.500000 -0.082778
-0.500000 0.068297 -0.206370
-0.500000 0.123290 0.132130
-0.500000 0.170400 -0.173290
-0.500000 -0.029688 -0.068383
-0.500000 0.121120 0.417680
-0.500000 -0.180630 0.426510
-0.500000 -0.235430 0.405160
0.410180 0.500000 0.241130
0.452700 0.500000 0.052793
-0.262650 0.266790 0.500000
-0.083996 0.015730 -0.500000
-0.500000 0.031618 -0.487370
-0.224940 0.054536 0.500000
-0.281410 -0.120430 0.500000
-0.010767 0.005241 0.500000
-0.022093 0.314750 0.500000
0.500000 -0.302510 0.491130
0.292000 -0.500000 0.394540
0.500000 -0.316360 0.496210
0.426200 -0.500000 0.363680
0.451950 -0.459550 0.500000
0.456880 -0.500000 0.448150
0.347780 -0.464620 0.500000
0.180610 -0.500000 0.227230
0.237200 -0.500000 0.090686
0.500000 -0.296120 0.495420
0.500000 -0.301980 0.497350
0.362740 -0.500000 0.136810
0.418360 -0.500000 0.298480
-0.160230 -0.500000 0.269600
0.329800 -0.500000 0.031851
0.249890 0.500000 0.293090
0.154590 0.500000 0.231390
0.276870 0.500000 0.188040
-0.253840 0.500000 -0.134780
-0.353080 0.500000 -0.149720
-0.167440 -0.052016 -0.500000
-0.017130 -0.044694 -0.500000
-0.500000 -0.236670 0.358850
-0.169020 0.500000 0.029264
-0.081415 0.500000 -0.167520
0.500000 0.020451 -0.229220
0.140200 0.500000 -0.228090
0.191330 -0.333420 -0.500000
-0.500000 0.001890 -0.469930
0.225220 -0.375080 0.500000
-0.004316 -0.060787 -0.500000
0.500000 -0.293680 0.031242
0.500000 -0.130410 0.058593
0.473040 0.500000 -0.004260
-0.500000 -0.227390 0.336740
-0.500000 -0.202650 0.040810
-0.176700 0.500000 0.044389
-0.500000 0.122960 0.303360
-0.500000 0.183220 0.357240
-0.332690 0.013836 0.500000
0.209750 -0.345290 -0.500000
0.500000 -0.376490 -0.067835
0.500000 -0.166970 -0.163880
-0.123940 -0.500000 0.243490
-0.173980 0.500000 0.032158
-0.165650 0.500000 0.041253
-0.500000 0.099720 -0.410260
-0.500000 -0.276080 0.320870
-0.500000 -0.268530 0.490340
-0.377980 -0.192730 0.500000
-0.187410 -0.500000 0.276020
-0.500000 -0.341520 0.031840
0.236930 0.331420 0.500000
0.500000 0.412470 0.304580
0.198700 -0.328090 -0.500000
0.500000 -0.074981 -0.242070
0.500000 -0.007890 -0.200790
0.500000 -0.075586 -0.148280
0.500000 0.421060 0.095331
0.500000 0.444660 -0.063306
-0.184740 -0.500000 0.268850
0 4
0 7
0 14
0 19
0 23
0 25
0 26
1 15
1 28
2 3
2 8
2 16
2 21
2 29
3 4
3 9
3 13
3 16
3 20
3 22
3 29
4 7
4 8
4 9
4 10
4 13
4 14
4 16
4 17
4 23
4 25
4 26
4 27
4 29
5 10
5 14
5 15
5 21
5 25
6 9
6 11
6 12
6 13
6 18
7 17
7 23
7 26
7 27
8 9
8 10
8 14
8 16
8 19
8 21
8 22
8 26
8 29
9 11
9 13
9 17
9 18
9 26
9 27
9 29
10 14
10 15
10 16
10 21
10 24
10 25
10 27
11 12
11 13
11 17
11 18
11 27
12 13
12 18
13 16
13 17
13 20
13 27
14 15
14 19
14 21
14 25
14 26
15 24
15 25
15 28
16 20
16 21
16 24
16 27
16 29
17 18
17 26
17 27
19 21
19 22
19 26
19 29
20 24
20 27
22 29
23 25
23 26
23 27
23 28
24 25
24 27
25 27
25 28
26 27
26 29
27 28
0 30
0 31
0 32
0 33
0 34
0 35
0 36
0 37
0 38
0 39
0 40
4 41
5 42
14 43
15 44
25 45
28 46
1 47
1 48
1 49
1 50
1 51
1 52
1 53
1 54
1 55
1 56
1 57
2 58
2 59
2 60
2 61
2 62
2 63
2 64
2 65
2 66
2 67
2 68
2 69
2 70
5 71
21 72
6 73
12 74
5 75
24 76
19 77
21 78
15 79
3 80
3 81
3 82
3 83
3 84
3 85
3 86
3 87
3 88
7 89
17 90
23 91
23 92
5 93
10 94
15 95
24 96
20 97
22 98
29 99
7 100
17 101
15 102
23 103
25 104
27 105
28 106
15 107
24 108
7 109
22 110
23 111
28 112
8 113
19 114
22 115
29 116
7 117
11 118
12 119
13 120
17 121
23 122
27 123
6 124
7 125
9 126
12 127
17 128
18 129
26 130
22 131
16 132
20 133
24 134
6 135
8 136
9 137
19 138
22 139
26 140
29 141
5 142
5 143
5 144
5 145
5 146
20 147
24 148
10 149
16 150
24 151
16 152
28 153
11 154
12 155
13 156
20 157
27 158
6 159
6 160
6 161
6 162
23 163
28 164
7 165
19 166
23 167
19 168
21 169
14 170
21 171
7 172
7 173
7 174
8 175
8 176
9 177
9 178
15 179
28 180
13 181
16 182
20 183
24 184
16 185
19 186
21 187
29 188
19 189
22 190
22 191
23 192
28 193
19 194
10 195
10 196
19 197
22 198
26 199
19 200
11 201
12 202
12 203
12 204
12 205
12 206
12 207
13 208
20 209
17 210
18 211
13 212
13 213
13 214
20 215
23 216
25 217
28 218
14 219
21 220
16 221
24 222
22 223
14 224
14 225
15 226
15 227
16 228
16 229
18 230
24 231
20 232
27 233
28 234
22 235
29 236
19 237
19 238
19 239
19 240
20 241
20 242
20 243
20 244
21 245
26 246
21 247
22 248
22 249
22 250
22 251
29 252
23 253
23 254
24 255
24 256
25 257
27 258
28 259
28 260
29 261
0.500000
