296 388 0
0.381910 -0.218400 0.112320
0.193030 0.326880 0.235500
-0.481830 -0.226760 -0.040465
0.100660 0.055109 -0.229450
0.247270 0.235220 -0.455650
0.257900 0.111460 0.408600
-0.445890 0.456310 -0.443660
0.238290 -0.149240 -0.468970
0.460770 -0.352070 0.262920
-0.242820 0.417230 -0.067908
0.175400 0.170110 -0.481570
-0.119260 -0.403350 -0.340940
0.362590 -0.377960 -0.199170
-0.439270 0.374750 0.074050
0.176470 0.379120 -0.399190
-0.165700 0.394290 0.403630
0.326010 0.243950 -0.337670
-0.343300 0.482850 -0.038208
0.337720 -0.290980 0.061943
-0.360980 -0.453930 -0.056549
0.125260 0.240030 -0.176250
-0.000044 -0.042609 -0.151530
0.167360 -0.404730 -0.252150
0.112290 -0.380470 0.478280
0.167020 -0.305480 -0.061190
0.484350 -0.174860 -0.440490
0.306120 0.047090 -0.345660
0.453050 0.353390 -0.366480
-0.337800 -0.246180 0.092803
0.018651 0.348820 0.323230
-0.226110 0.372540 -0.323610
-0.199990 -0.327300 0.012723
0.348200 -0.251460 0.202770
-0.018857 -0.248650 0.381300
0.108700 -0.441180 0.500000
-0.500000 -0.246480 -0.034168
-0.500000 -0.491890 -0.016507
-0.500000 -0.360810 0.085031
0.286490 -0.397130 0.500000
0.166530 -0.389230 0.500000
0.269090 -0.387230 0.500000
0.500000 -0.209030 -0.054734
0.500000 -0.071744 0.046251
0.500000 -0.318400 0.131410
0.500000 -0.153070 0.151620
0.382760 0.500000 0.110050
0.154990 0.172640 0.500000
0.264470 0.500000 0.475290
0.241890 0.500000 -0.067392
0.066676 0.500000 0.199030
0.400800 0.299800 0.500000
0.500000 0.261600 0.053734
0.500000 0.173400 0.311420
0.394330 0.500000 0.305110
0.485810 0.166100 0.500000
0.147820 0.500000 0.302210
0.500000 0.094773 0.222590
0.500000 0.388130 -0.382950
0.500000 -0.355860 0.267970
0.410050 0.500000 0.032867
0.386060 0.500000 0.052962
0.427830 0.500000 -0.003656
0.049664 0.012727 0.500000
-0.109940 0.114550 0.500000
0.059131 -0.287310 0.500000
-0.109010 -0.071583 0.500000
-0.054500 0.047584 0.500000
-0.058813 -0.111960 0.500000
0.190620 0.127190 0.500000
0.026397 0.236230 0.500000
0.113910 0.191200 0.500000
-0.500000 -0.214610 -0.033690
-0.500000 -0.228700 -0.012723
-0.500000 -0.215810 0.087313
-0.500000 -0.177760 -0.009656
-0.500000 -0.206280 -0.034275
-0.500000 -0.189610 -0.122670
-0.401570 -0.500000 0.201030
-0.500000 -0.213970 -0.047615
-0.500000 -0.072968 0.358930
-0.500000 -0.267740 -0.206590
0.242390 -0.153460 -0.500000
0.084295 -0.279490 -0.500000
0.227280 -0.255280 -0.500000
0.416850 -0.174060 -0.500000
0.282060 -0.068782 -0.500000
-0.172140 -0.500000 -0.401090
-0.346960 -0.500000 -0.143120
0.500000 -0.260930 -0.166000
0.500000 -0.229250 -0.087790
0.500000 -0.220790 -0.134910
0.500000 -0.139160 -0.200190
0.500000 -0.341670 0.273640
0.500000 0.098412 -0.442590
0.500000 0.115100 -0.405570
0.500000 -0.138970 -0.440140
0.500000 0.051269 -0.410320
0.500000 0.245510 -0.392260
0.116730 -0.500000 -0.492770
0.259510 -0.500000 -0.446920
0.123910 0.106730 -0.500000
0.131110 0.014645 -0.500000
-0.500000 0.434830 0.175770
-0.500000 0.492060 0.331190
0.411690 0.268260 -0.500000
0.203340 0.192270 -0.500000
0.240230 0.255250 -0.500000
0.058201 0.414980 -0.500000
0.234920 0.209220 -0.500000
0.257350 0.219770 -0.500000
0.385150 0.434040 -0.500000
0.295520 0.500000 -0.458010
0.221430 0.174150 -0.500000
0.109030 -0.374330 0.500000
0.268540 0.500000 0.487760
0.229390 0.500000 0.482080
0.252500 0.500000 0.479030
0.500000 0.351150 -0.401120
0.206310 -0.069294 -0.500000
0.166380 0.160250 -0.500000
0.149780 0.229980 -0.500000
0.107480 0.092247 -0.500000
0.025142 0.195050 -0.500000
-0.500000 -0.251610 0.219240
-0.500000 -0.195600 0.431190
-0.410690 -0.286560 0.500000
-0.249510 -0.275190 0.500000
0.321290 -0.168130 0.500000
0.365280 0.201040 0.500000
0.500000 0.091076 0.382080
0.444030 0.129770 0.500000
0.268620 0.051448 0.500000
0.500000 0.021775 0.299740
-0.457500 0.442330 -0.500000
-0.500000 0.434050 -0.435590
0.174070 0.395780 -0.500000
-0.155270 0.492330 -0.500000
0.079505 0.321130 -0.500000
0.001038 0.483380 -0.500000
-0.059760 0.491530 -0.500000
-0.455860 0.500000 -0.420740
-0.500000 0.440330 -0.458090
-0.363530 0.500000 -0.410760
-0.500000 0.486960 -0.390190
-0.473350 0.500000 -0.439460
-0.420290 0.500000 -0.472810
-0.500000 0.293200 -0.483710
-0.458660 0.500000 -0.487530
-0.401000 0.432210 -0.500000
-0.500000 0.431880 -0.394100
-0.500000 0.385980 -0.401090
-0.451760 0.500000 -0.466290
-0.500000 0.415710 -0.484100
-0.426180 0.500000 -0.456290
-0.451240 0.500000 -0.434680
-0.485100 0.476620 -0.500000
-0.500000 0.391970 0.103670
0.500000 0.150780 -0.268910
0.500000 0.036308 -0.268980
-0.063242 -0.500000 -0.309820
-0.188680 -0.500000 -0.185740
0.020818 -0.500000 -0.283830
-0.005113 -0.500000 -0.257070
-0.070092 -0.500000 -0.239150
-0.353780 0.500000 -0.052871
0.500000 0.432700 -0.373960
-0.207360 0.500000 -0.182100
-0.002595 0.500000 -0.362530
-0.318220 0.500000 -0.078440
-0.077710 0.500000 -0.285120
-0.190970 0.500000 -0.327090
-0.500000 0.360520 0.130620
-0.500000 0.344710 0.337880
-0.500000 0.018114 0.190780
-0.500000 0.425370 0.024817
-0.392570 0.500000 -0.053981
0.258810 -0.213250 -0.500000
0.500000 -0.130880 -0.306670
0.220450 -0.121390 -0.500000
0.500000 0.338710 -0.362840
0.356980 -0.274880 0.500000
0.030493 -0.500000 0.315780
0.499890 -0.500000 0.312530
0.500000 -0.349050 0.194570
0.478110 -0.500000 0.220400
0.500000 -0.299930 0.254620
-0.130070 -0.500000 -0.425120
0.012154 0.500000 -0.139760
0.229230 0.500000 -0.287130
0.279860 0.500000 -0.241780
0.231510 0.500000 -0.202680
0.332540 0.500000 -0.266830
0.098915 -0.396900 0.500000
0.019096 -0.372440 0.500000
-0.279320 0.500000 -0.439170
-0.500000 0.346150 0.075457
-0.176660 -0.374460 -0.500000
-0.357390 -0.310450 -0.500000
-0.395600 -0.200870 -0.500000
-0.215830 0.500000 -0.018156
-0.259380 0.500000 -0.073417
-0.500000 -0.002218 -0.489780
-0.500000 0.100350 -0.494730
0.171710 0.148380 -0.500000
0.119950 -0.476920 -0.500000
-0.500000 -0.306160 -0.346290
0.026601 -0.183970 -0.500000
-0.445690 0.500000 0.148250
-0.257700 0.500000 0.365980
-0.351230 0.500000 -0.015794
-0.314430 -0.500000 -0.028339
-0.500000 -0.217070 0.426350
-0.188190 0.372400 0.500000
-0.179610 0.337370 -0.500000
-0.500000 0.359340 0.055321
0.141310 -0.500000 0.435580
0.211430 -0.500000 -0.058683
0.365920 -0.491140 -0.500000
0.500000 -0.352610 0.071446
0.452130 -0.500000 0.103720
0.500000 -0.367080 -0.304700
0.500000 -0.173520 -0.272060
0.397720 -0.500000 -0.227440
0.158500 -0.500000 0.085481
-0.261180 -0.500000 -0.017258
0.115320 -0.500000 -0.108370
0.092596 -0.500000 0.033526
-0.067221 -0.500000 0.061727
0.150120 -0.500000 0.137540
0.206430 -0.333230 0.500000
0.343650 -0.263350 0.500000
0.267160 -0.261260 0.500000
0.471060 -0.149280 -0.500000
0.488900 0.500000 -0.460600
-0.365900 -0.500000 0.058125
-0.365650 -0.500000 0.231180
-0.315750 -0.500000 0.188900
-0.282160 -0.500000 0.306290
-0.500000 0.311020 0.033676
-0.500000 0.053835 0.497340
0.500000 -0.183920 -0.448880
0.069511 0.500000 -0.436200
0.262030 0.500000 -0.438080
0.287730 -0.493880 -0.500000
0.453410 -0.275220 -0.500000
-0.155180 0.500000 0.329720
-0.090806 0.395990 0.500000
-0.375210 0.156920 0.500000
-0.201990 0.500000 0.496760
-0.246930 0.475130 0.500000
-0.057281 0.500000 0.387680
-0.500000 0.193000 -0.248050
0.011190 -0.500000 0.304280
0.002021 -0.500000 0.337760
0.001029 -0.500000 0.294680
-0.028665 -0.500000 0.308710
-0.025674 -0.500000 0.297280
0.008396 -0.500000 0.314460
-0.011618 -0.500000 0.324160
-0.424020 -0.500000 -0.149290
0.500000 0.230540 -0.227310
-0.330360 0.500000 -0.027314
-0.340970 0.500000 -0.041596
-0.034507 0.500000 0.258030
0.500000 -0.337070 0.124080
0.458660 -0.500000 0.183740
0.500000 -0.154130 -0.233300
-0.355790 -0.500000 -0.078335
-0.500000 -0.317300 -0.317740
0.500000 0.223170 -0.117740
-0.500000 -0.294540 -0.340710
0.106150 -0.015058 -0.500000
0.064394 0.368290 0.500000
0.500000 0.123070 -0.224800
0.500000 0.329490 -0.318100
-0.486690 -0.027946 0.500000
0.500000 -0.329450 0.148610
0.295250 -0.500000 -0.251050
0.500000 0.458620 -0.325270
0.386410 -0.500000 0.278660
0.463500 -0.500000 0.207490
0.128610 -0.354780 0.500000
0.351350 0.500000 -0.430670
0.500000 -0.110060 0.271160
0.500000 -0.188860 -0.440870
0.500000 -0.143410 -0.269220
0.500000 -0.159090 -0.388310
0.500000 -0.192480 -0.453820
0.439180 -0.500000 -0.293780
0.500000 -0.105160 -0.295750
0.219040 0.018924 -0.500000
-0.500000 -0.303470 -0.329060
0.061265 0.500000 0.342900
-0.133570 -0.355800 0.500000
0.500000 -0.161070 0.208040
-0.150650 -0.500000 0.404980
0 1
0 3
0 5
0 8
0 18
0 20
0 21
0 24
0 26
0 32
1 3
1 5
1 9
1 20
1 21
1 29
2 9
2 11
2 13
2 19
2 21
2 28
2 30
2 31
3 7
3 10
3 16
3 20
3 21
3 24
3 26
3 30
4 10
4 14
4 16
4 20
4 26
4 27
5 21
5 29
5 32
5 33
6 13
6 17
6 30
7 10
7 11
7 12
7 21
7 22
7 24
7 25
7 26
8 18
8 23
8 32
9 13
9 15
9 17
9 20
9 21
9 29
9 30
10 14
10 16
10 20
10 26
10 30
11 19
11 21
11 22
11 24
11 31
12 18
12 22
12 24
12 25
12 26
13 15
13 17
13 21
13 28
13 29
13 30
14 16
14 20
14 27
14 30
15 17
15 28
15 29
16 20
16 26
16 27
17 30
18 24
18 26
18 32
19 28
19 31
20 21
20 26
20 29
20 30
21 22
21 24
21 28
21 29
21 30
21 31
21 32
21 33
22 24
23 32
23 33
24 26
24 31
24 32
24 33
25 26
28 29
28 31
28 33
29 33
31 33
32 33
23 34
2 35
19 36
28 37
8 38
23 39
32 40
0 41
0 42
0 43
0 44
1 45
1 46
1 47
1 48
1 49
1 50
1 51
1 52
1 53
1 54
1 55
1 56
27 57
8 58
16 59
20 60
27 61
5 62
15 63
23 64
28 65
29 66
33 67
5 68
15 69
29 70
2 71
2 72
2 73
2 74
2 75
2 76
2 77
2 78
2 79
2 80
7 81
11 82
22 83
25 84
26 85
11 86
19 87
12 88
18 89
24 90
26 91
8 92
4 93
16 94
25 95
26 96
27 97
11 98
22 99
3 100
3 101
13 102
15 103
4 104
4 105
4 106
4 107
4 108
4 109
4 110
4 111
4 112
23 113
5 114
15 115
29 116
27 117
7 118
10 119
14 120
21 121
30 122
28 123
28 124
28 125
33 126
5 127
5 128
5 129
5 130
5 131
5 132
6 133
6 134
14 135
6 136
10 137
14 138
30 139
6 140
6 141
6 142
6 143
6 144
6 145
6 146
6 147
6 148
6 149
6 150
6 151
6 152
6 153
6 154
6 155
13 156
16 157
26 158
11 159
19 160
22 161
24 162
31 163
17 164
27 165
9 166
14 167
17 168
20 169
30 170
13 171
15 172
28 173
13 174
17 175
7 176
7 177
7 178
27 179
8 180
8 181
8 182
8 183
8 184
8 185
11 186
9 187
14 188
16 189
20 190
27 191
23 192
33 193
30 194
13 195
11 196
11 197
21 198
9 199
9 200
21 201
30 202
10 203
11 204
11 205
11 206
13 207
15 208
17 209
19 210
28 211
15 212
30 213
13 214
23 215
12 216
12 217
12 218
12 219
12 220
12 221
12 222
18 223
19 224
22 225
24 226
31 227
32 228
23 229
32 230
33 231
25 232
27 233
19 234
28 235
31 236
33 237
13 238
13 239
25 240
14 241
14 242
22 243
25 244
15 245
15 246
15 247
15 248
15 249
15 250
30 251
18 252
23 253
24 254
28 255
31 256
32 257
33 258
19 259
16 260
17 261
17 262
29 263
18 264
18 265
18 266
19 267
19 268
20 269
21 270
21 271
29 272
26 273
27 274
28 275
32 276
22 277
27 278
23 279
32 280
23 281
27 282
32 283
25 284
24 285
25 286
25 287
25 288
26 289
26 290
31 291
29 292
33 293
32 294
33 295
0.500000
