282 386 0
-0.149440 0.367980 0.261720
-0.467770 0.345410 -0.133900
-0.128720 -0.022104 -0.395250
0.430000 -0.433970 0.387450
0.419410 -0.364980 0.382940
-0.341010 -0.358990 0.019695
0.074855 0.357490 0.160570
-0.001270 -0.430140 -0.371830
-0.074166 0.231870 0.417460
0.359660 -0.299570 -0.080985
0.129980 0.119040 0.119910
0.059503 0.173720 0.438640
-0.444710 -0.294960 0.314120
-0.168140 -0.219620 0.185140
0.026617 -0.213440 0.318200
-0.186910 -0.491010 0.343420
0.443660 -0.020948 -0.115440
0.286250 -0.433390 -0.322330
0.107720 -0.194890 -0.349960
-0.442350 -0.369430 0.202800
0.333910 -0.164550 -0.066075
-0.120680 0.245320 -0.064861
0.361700 -0.130600 -0.366820
0.166390 0.374030 0.105360
-0.392950 -0.104940 -0.197940
0.032390 0.210350 -0.210480
0.090123 -0.170270 0.298830
-0.219920 -0.348850 -0.482140
-0.011749 -0.099676 -0.499630
0.324360 0.308410 0.402760
0.095844 -0.135670 -0.270800
0.353540 0.217500 0.476050
-0.236980 -0.110960 0.212240
0.164500 -0.430050 0.187060
-0.386220 0.500000 0.341620
0.014379 0.500000 0.355600
-0.255960 0.500000 0.322330
-0.500000 0.250570 0.207520
-0.500000 0.413790 0.457960
-0.370840 0.256910 0.500000
-0.500000 0.490840 0.036128
-0.017811 0.500000 0.209570
-0.132820 0.364940 0.500000
-0.144330 0.500000 0.276800
-0.191260 0.500000 0.197220
-0.500000 -0.014058 0.388870
-0.433080 -0.500000 -0.320210
-0.382300 -0.500000 -0.349140
-0.438760 -0.500000 -0.341860
-0.425590 -0.500000 -0.354630
0.500000 -0.001028 -0.095649
0.500000 0.258280 0.295260
0.500000 0.197600 0.362240
-0.500000 -0.295590 0.340910
-0.461010 0.500000 -0.102590
-0.500000 0.332290 -0.096582
-0.363410 0.500000 -0.241080
-0.500000 0.314210 -0.054776
-0.500000 0.350870 -0.260440
-0.500000 0.330390 -0.136830
-0.341070 0.258880 -0.500000
-0.500000 0.385680 -0.113440
-0.473540 0.500000 -0.428080
-0.416290 0.500000 -0.187500
-0.457960 0.500000 -0.241160
-0.388190 0.500000 -0.048819
-0.235970 0.302510 -0.500000
-0.333780 -0.182010 -0.500000
-0.214950 0.103780 -0.500000
-0.146440 0.128740 -0.500000
-0.178270 -0.049499 -0.500000
-0.500000 -0.368160 0.298780
-0.224080 -0.500000 0.336260
-0.500000 -0.427200 0.213550
0.128070 -0.493610 0.500000
0.409970 -0.500000 0.398590
0.463190 -0.366640 0.500000
0.500000 -0.410580 0.413170
0.391990 -0.430880 0.500000
0.500000 -0.403540 0.251170
0.473100 -0.500000 0.382730
0.500000 -0.480050 0.356420
0.500000 -0.447750 0.277190
0.357620 -0.500000 0.474340
0.399030 -0.500000 0.400020
0.500000 -0.465090 0.473870
0.289020 -0.387630 0.500000
0.187780 -0.276310 0.500000
0.392470 -0.092505 -0.500000
0.274420 0.062778 -0.500000
-0.010909 -0.099558 -0.500000
-0.238110 -0.338640 -0.500000
0.500000 -0.080162 -0.465960
0.133650 0.500000 0.308510
0.099695 0.500000 0.443830
0.152170 0.500000 0.452070
0.178840 0.500000 0.269890
0.249410 0.500000 0.434290
0.420640 -0.406540 -0.500000
0.439190 -0.275130 -0.500000
-0.387770 -0.500000 0.456870
-0.196550 -0.500000 0.356080
-0.397310 -0.500000 0.371950
-0.085924 -0.426840 0.500000
-0.181160 -0.500000 0.384090
-0.021195 -0.500000 0.432970
-0.271670 0.500000 0.421640
0.199500 -0.500000 0.240960
0.062706 -0.500000 -0.421530
0.278980 -0.500000 -0.382150
0.211730 -0.500000 0.166830
-0.116990 0.500000 -0.241290
-0.030541 0.500000 -0.336890
-0.416320 -0.230740 -0.500000
-0.277680 -0.319980 -0.500000
-0.015116 -0.100910 -0.500000
0.457000 -0.318710 0.500000
0.296010 -0.245550 0.500000
0.500000 -0.361860 0.412750
0.382450 -0.376490 0.500000
0.500000 -0.362110 0.237020
0.451660 -0.225120 0.500000
0.500000 -0.407120 0.264320
0.257410 -0.229990 0.500000
0.500000 -0.433780 0.478040
0.278270 -0.340760 0.500000
0.180060 -0.247650 0.500000
0.037784 0.232120 0.500000
0.114960 0.189300 0.500000
0.304280 0.280890 0.500000
0.343140 0.219360 0.500000
0.199060 -0.265190 -0.500000
0.296220 -0.249100 -0.500000
0.242090 -0.186020 -0.500000
0.320020 -0.165380 -0.500000
-0.009994 -0.100140 -0.500000
-0.243620 -0.500000 0.129210
-0.211650 -0.500000 -0.196630
-0.500000 -0.332690 0.040541
-0.121490 -0.500000 -0.103400
-0.330990 -0.500000 0.045159
-0.475390 -0.500000 0.052666
0.163390 0.500000 0.040340
0.081969 0.500000 -0.196060
0.116200 -0.124860 0.500000
0.323900 0.175540 0.500000
0.110250 0.500000 0.152130
-0.053304 0.500000 0.130880
0.500000 -0.342360 -0.081598
0.500000 -0.418200 -0.198950
0.500000 -0.051990 0.474970
-0.040027 -0.500000 -0.373200
-0.080381 -0.410280 -0.500000
0.002433 -0.500000 -0.281680
-0.500000 0.222860 0.138180
-0.500000 0.061060 0.003174
-0.500000 0.126260 0.197580
0.500000 -0.333390 -0.006268
0.500000 -0.139650 -0.057591
0.500000 -0.283840 0.004741
0.500000 -0.119500 0.226160
0.500000 -0.375340 0.081633
0.500000 -0.089669 -0.163600
0.500000 -0.367680 -0.320660
0.500000 -0.208790 -0.346280
-0.121360 0.277600 0.500000
-0.282770 0.231480 0.500000
-0.066504 0.225140 0.500000
-0.079837 0.254620 0.500000
-0.134060 0.054264 0.500000
-0.039890 0.160970 0.500000
-0.500000 -0.019881 0.393760
-0.409420 -0.205460 0.500000
0.500000 -0.391050 0.004776
0.500000 -0.291760 -0.132900
0.328080 -0.500000 -0.103850
0.109610 -0.500000 -0.147840
-0.500000 0.210240 -0.375410
0.042539 0.178420 0.500000
0.073204 0.079036 0.500000
0.091423 0.150970 0.500000
-0.076723 0.049422 0.500000
0.000468 0.148060 0.500000
-0.287220 -0.127070 0.500000
-0.500000 -0.303590 0.326780
-0.500000 -0.316280 0.407740
-0.361810 -0.253180 0.500000
-0.500000 -0.310730 0.172110
-0.500000 -0.073553 0.379330
-0.143120 -0.500000 0.231420
-0.208440 -0.087895 0.500000
-0.162580 -0.049074 0.500000
-0.032937 -0.500000 -0.093451
-0.500000 0.027340 -0.181070
-0.267380 0.235760 -0.500000
-0.327210 0.144370 -0.500000
-0.212510 0.227140 -0.500000
-0.012735 -0.098552 -0.500000
-0.183920 -0.500000 0.339100
-0.304560 -0.500000 0.227450
0.078135 -0.500000 0.208290
0.370090 0.194890 0.500000
0.448850 0.159130 0.500000
-0.143280 -0.103120 0.500000
-0.129050 -0.060555 0.500000
-0.132750 -0.213850 0.500000
0.031238 -0.186320 0.500000
-0.182990 -0.500000 0.347680
-0.207940 -0.202790 0.500000
-0.233290 -0.359600 0.500000
-0.036149 -0.274840 0.500000
0.500000 -0.457950 -0.067583
0.500000 -0.460830 0.109660
0.500000 -0.003891 -0.141480
0.500000 0.072077 -0.113530
0.500000 -0.092580 -0.135350
0.500000 0.074095 -0.125600
0.500000 0.219920 -0.434320
0.121500 -0.500000 0.245040
-0.154870 -0.500000 -0.421930
0.500000 -0.345270 -0.243650
0.283780 -0.500000 -0.295240
0.373810 -0.500000 -0.355920
0.161340 -0.500000 -0.256630
-0.222770 -0.066563 0.500000
0.500000 -0.065501 -0.351570
-0.500000 -0.046744 -0.202720
-0.500000 -0.368910 0.230070
-0.500000 -0.345150 0.118340
-0.407910 -0.500000 0.181700
-0.500000 -0.456290 0.173440
-0.500000 -0.172340 -0.174800
0.042884 0.500000 0.058881
0.160600 0.500000 0.120890
0.108050 0.500000 0.011121
0.233690 0.500000 0.264990
0.500000 -0.226980 -0.130340
0.148960 0.233990 -0.500000
-0.011457 -0.099346 -0.500000
-0.047421 0.500000 -0.126480
-0.196120 0.500000 0.010992
-0.156210 0.280430 -0.500000
0.095646 -0.124110 0.500000
0.309510 0.163010 0.500000
0.500000 -0.203870 -0.281260
0.447030 0.116470 -0.500000
0.500000 -0.048749 -0.412460
0.187190 -0.500000 0.241820
0.500000 0.417400 -0.020340
0.323270 0.500000 -0.127980
0.143570 0.500000 0.027327
0.500000 0.401580 -0.060785
0.500000 0.487130 0.364350
0.335260 0.500000 0.046305
-0.500000 -0.255900 -0.029679
0.348460 0.500000 -0.351190
0.047927 0.500000 -0.216540
0.500000 0.355200 -0.177030
0.372650 0.321310 -0.500000
-0.110310 0.267430 -0.500000
0.500000 0.172490 0.493620
-0.121530 -0.051033 0.500000
0.048087 -0.174200 0.500000
-0.012740 0.096891 0.500000
-0.221260 -0.350210 -0.500000
-0.012070 -0.100060 -0.500000
0.500000 0.368820 0.180890
0.500000 0.451430 0.416700
0.500000 0.412560 0.440770
-0.225530 -0.336350 -0.500000
-0.257780 -0.500000 -0.487020
-0.012250 -0.098406 -0.500000
-0.011638 -0.099512 -0.500000
-0.012125 -0.099710 -0.500000
0.335320 0.202180 0.500000
-0.170730 -0.038018 0.500000
0.023227 -0.500000 -0.192940
0.181400 -0.500000 0.133840
-0.500000 -0.291220 0.072777
-0.500000 -0.030365 0.385420
0.092098 -0.500000 0.020680
0.057617 -0.223130 0.500000
0 1
0 6
0 8
0 10
0 21
0 32
1 2
1 21
1 24
2 7
2 18
2 21
2 24
2 25
2 27
2 28
2 30
3 4
3 33
4 9
4 14
4 16
4 20
4 26
4 31
4 33
5 7
5 13
5 15
5 19
5 24
5 27
5 30
5 32
5 33
6 8
6 10
6 11
6 21
6 23
6 29
7 17
7 18
7 24
7 27
7 28
7 30
8 10
8 11
8 32
9 16
9 17
9 18
9 20
9 22
9 30
9 33
10 11
10 13
10 16
10 20
10 21
10 23
10 25
10 26
10 29
10 30
10 31
10 32
11 26
11 29
11 31
11 32
12 13
12 15
12 19
12 32
13 14
13 15
13 19
13 20
13 21
13 24
13 26
13 30
13 32
13 33
14 15
14 26
14 32
14 33
15 19
15 33
16 20
16 22
16 23
16 25
16 29
16 30
16 31
17 18
17 22
17 30
18 22
18 27
18 28
18 30
19 32
20 22
20 25
20 26
20 30
20 31
20 33
21 23
21 24
21 25
21 30
21 32
22 25
22 28
22 30
23 25
23 29
24 27
24 30
24 32
25 28
25 30
26 30
26 31
26 32
26 33
27 28
27 30
28 30
29 31
30 33
0 34
0 35
0 36
0 37
0 38
0 39
0 40
0 41
0 42
0 43
0 44
0 45
5 46
7 47
24 48
27 49
16 50
29 51
31 52
12 53
1 54
1 55
1 56
1 57
1 58
1 59
1 60
1 61
1 62
1 63
1 64
1 65
1 66
2 67
2 68
2 69
2 70
12 71
15 72
19 73
3 74
3 75
3 76
3 77
3 78
3 79
3 80
3 81
3 82
3 83
3 84
3 85
3 86
3 87
22 88
25 89
28 90
27 91
22 92
6 93
8 94
11 95
23 96
29 97
17 98
22 99
12 100
15 101
19 102
14 103
15 104
33 105
8 106
33 107
7 108
17 109
33 110
21 111
25 112
24 113
27 114
28 115
4 116
4 117
4 118
4 119
4 120
4 121
4 122
4 123
4 124
4 125
4 126
8 127
11 128
29 129
31 130
7 131
17 132
18 133
22 134
28 135
5 136
5 137
5 138
5 139
5 140
5 141
23 142
25 143
26 144
31 145
6 146
6 147
9 148
17 149
31 150
7 151
7 152
7 153
21 154
24 155
32 156
9 157
16 158
20 159
31 160
33 161
16 162
17 163
22 164
8 165
8 166
8 167
8 168
8 169
8 170
8 171
12 172
9 173
9 174
9 175
9 176
24 177
11 178
11 179
11 180
11 181
11 182
12 183
12 184
12 185
12 186
12 187
12 188
13 189
13 190
13 191
13 192
24 193
21 194
24 195
25 196
28 197
15 198
19 199
33 200
31 201
31 202
14 203
14 204
14 205
14 206
15 207
15 208
15 209
15 210
17 211
33 212
16 213
16 214
16 215
16 216
16 217
33 218
27 219
17 220
17 221
17 222
17 223
32 224
22 225
24 226
19 227
19 228
19 229
19 230
24 231
21 232
23 233
25 234
29 235
20 236
25 237
28 238
21 239
21 240
21 241
26 242
31 243
22 244
22 245
22 246
33 247
23 248
23 249
23 250
23 251
23 252
23 253
24 254
25 255
25 256
25 257
25 258
25 259
31 260
26 261
26 262
26 263
27 264
28 265
29 266
29 267
31 268
27 269
27 270
28 271
28 272
28 273
31 274
32 275
30 276
33 277
32 278
32 279
33 280
33 281
0.500000
