282 382 0
-0.053738 0.459820 0.201860
-0.113230 0.044922 -0.468300
-0.111250 0.333680 -0.065944
0.261570 0.462090 0.218960
0.056339 -0.123880 -0.221110
0.136280 -0.236190 0.114080
0.249240 0.093285 -0.487690
0.167840 -0.495370 -0.422070
-0.362870 0.024126 -0.081838
-0.166620 0.206460 -0.165750
-0.350730 0.341080 0.206920
0.162460 -0.351360 0.175100
-0.123840 -0.178400 -0.326330
0.144980 0.091144 -0.107340
-0.060785 -0.320850 -0.225720
-0.342430 -0.055214 0.247660
0.432270 0.147330 -0.473980
-0.361120 0.476810 -0.274670
0.139420 -0.465230 0.256990
0.157290 -0.077095 -0.250390
-0.453470 -0.446320 0.288860
0.336610 -0.187140 -0.337490
-0.496370 0.014271 0.141250
0.056239 -0.341420 0.226810
-0.329000 -0.371890 0.375670
-0.009555 0.285670 0.059123
-0.346020 0.073247 0.199900
0.315870 0.413320 -0.401860
-0.344380 0.374540 -0.240620
0.186260 0.254640 0.173060
0.497740 -0.136970 -0.289130
-0.050071 0.229350 0.185980
-0.337090 0.091241 -0.084606
0.101860 -0.473810 0.500000
0.163230 -0.500000 -0.426920
0.430160 -0.500000 -0.210410
-0.500000 -0.445090 0.256530
-0.500000 -0.267230 -0.443480
-0.061332 0.500000 0.200970
-0.040827 0.500000 0.215350
-0.129920 0.458510 0.500000
-0.384930 0.500000 -0.297210
-0.128790 0.021521 -0.500000
-0.111150 0.072469 -0.500000
-0.102700 0.005950 -0.500000
-0.179090 0.114650 -0.500000
-0.111880 0.031006 -0.500000
-0.450280 0.152240 -0.500000
-0.119450 -0.012191 -0.500000
0.116970 -0.216590 -0.500000
-0.169030 0.055965 -0.500000
-0.083374 0.048388 -0.500000
-0.065383 0.080286 -0.500000
-0.333300 0.049625 0.500000
-0.332680 0.012153 0.500000
-0.331050 -0.055507 0.500000
-0.332840 0.024872 0.500000
-0.307210 0.038169 0.500000
-0.500000 -0.489590 0.401550
-0.442110 -0.461160 0.500000
-0.095410 0.500000 0.087627
-0.171770 0.500000 -0.102280
-0.041806 0.500000 0.202350
0.037581 0.500000 -0.205840
-0.085737 0.500000 -0.082385
0.208750 0.500000 -0.171880
-0.500000 0.192710 0.349940
-0.500000 0.011329 0.371780
-0.500000 0.015681 0.150380
-0.500000 -0.121860 0.431120
-0.500000 0.068971 0.348800
0.149190 -0.500000 0.271220
-0.181590 -0.194270 -0.500000
-0.122430 0.215290 -0.500000
-0.212110 0.330110 -0.500000
0.163370 0.342350 -0.500000
-0.196590 0.280940 -0.500000
0.392420 0.500000 0.187490
0.263520 0.500000 0.187240
0.178540 0.500000 0.214010
0.254040 0.500000 0.248190
0.107440 0.153330 0.500000
0.025742 0.500000 0.218810
0.017735 0.459590 0.500000
0.332350 0.500000 0.397790
0.249540 0.500000 0.117060
0.236370 0.500000 0.189080
0.500000 0.329270 0.346460
0.301490 0.500000 0.098513
0.439980 0.500000 0.154450
0.500000 0.374890 0.142930
0.500000 0.483770 0.361600
-0.377460 -0.272430 0.500000
-0.334310 -0.500000 0.439590
0.500000 -0.334240 -0.041378
0.500000 -0.288910 -0.202360
0.500000 -0.140980 -0.285790
-0.413340 -0.418280 0.500000
-0.500000 0.334180 0.165480
-0.500000 0.017724 0.140520
-0.500000 0.356440 -0.136010
-0.500000 0.168670 -0.029678
-0.500000 -0.089542 -0.080479
-0.500000 -0.427970 0.236090
-0.500000 0.009956 0.138410
0.269570 -0.388100 -0.500000
0.500000 -0.378040 0.062622
0.500000 -0.166180 0.061998
0.052320 -0.091987 0.500000
0.500000 -0.328790 0.136000
0.500000 0.193820 0.339780
0.280360 -0.500000 0.047511
-0.021062 -0.500000 0.135280
0.262630 0.079513 -0.500000
0.261350 0.101500 -0.500000
0.262400 -0.079861 -0.500000
0.246330 0.092683 -0.500000
0.242400 0.104970 -0.500000
0.169520 -0.500000 -0.412920
0.137740 -0.478390 -0.500000
0.175920 -0.500000 -0.415810
0.079964 -0.469370 -0.500000
0.155590 -0.500000 -0.419320
0.170160 -0.500000 -0.423670
0.259810 -0.430040 -0.500000
0.176850 -0.500000 -0.395510
0.500000 -0.400090 0.076218
0.500000 -0.143750 -0.280800
-0.500000 -0.062718 -0.174150
-0.500000 -0.208660 -0.176740
-0.500000 0.073203 -0.273780
-0.500000 0.147470 -0.420430
-0.500000 0.012039 -0.044463
-0.383080 -0.500000 -0.056223
-0.500000 0.044802 -0.110780
0.033016 -0.259660 0.500000
-0.144160 -0.157050 0.500000
0.036671 -0.311860 0.500000
0.002718 -0.261310 0.500000
-0.191760 -0.301790 0.500000
-0.500000 0.181980 -0.475100
0.059414 0.500000 -0.283050
0.058982 0.234180 -0.500000
-0.500000 0.430530 0.149100
-0.278250 0.500000 0.193680
-0.198690 0.500000 0.202030
-0.468850 0.500000 0.334530
-0.301060 0.500000 0.047603
-0.056405 0.500000 0.218060
-0.263410 0.404920 0.500000
-0.397490 0.500000 0.175550
-0.500000 0.485070 -0.257220
-0.500000 0.410770 -0.230700
0.080921 -0.500000 -0.122960
0.154550 -0.500000 0.219380
0.065692 -0.138760 0.500000
0.500000 -0.356660 0.151270
0.500000 0.166430 0.348180
0.268150 -0.500000 0.077458
0.007618 -0.500000 0.150930
-0.474100 0.500000 -0.154290
-0.500000 0.451010 -0.098190
-0.500000 -0.195650 -0.326430
-0.500000 -0.353780 -0.274540
-0.500000 0.148540 -0.492360
-0.140690 -0.276730 -0.500000
-0.293890 -0.500000 -0.306450
0.238520 -0.382720 -0.500000
-0.326950 -0.048471 -0.500000
-0.303220 -0.033601 -0.500000
-0.343300 -0.500000 -0.097217
0.307460 0.500000 -0.456970
-0.500000 0.365480 -0.287910
-0.500000 0.289010 -0.266460
-0.292750 -0.361660 0.500000
-0.500000 -0.466290 0.278610
0.500000 -0.269710 -0.425490
0.500000 -0.140680 -0.292980
0.184960 -0.500000 0.254670
0.500000 -0.052133 -0.015111
0.500000 0.014858 -0.228550
0.358090 0.500000 -0.212350
0.500000 0.257070 0.039383
-0.410430 0.500000 -0.314540
-0.500000 -0.390140 -0.251420
0.203750 -0.500000 -0.256870
-0.117330 -0.364150 -0.500000
-0.218820 -0.500000 -0.256640
-0.302210 -0.500000 -0.097442
0.209220 -0.500000 -0.045603
-0.059824 -0.500000 0.043614
0.489820 0.117310 -0.500000
-0.370830 0.367630 -0.500000
-0.366760 0.335970 -0.500000
-0.126510 -0.039865 0.500000
-0.380210 -0.500000 -0.016510
-0.500000 -0.158370 0.274190
-0.500000 -0.075200 0.276240
-0.095271 -0.500000 0.154020
0.352450 -0.500000 -0.290620
0.442820 0.114740 -0.500000
0.437290 0.158070 -0.500000
0.500000 0.131540 -0.468850
0.500000 0.309730 -0.388250
0.500000 0.073598 -0.474400
0.500000 0.179460 -0.474520
0.500000 0.088435 -0.396130
0.410830 0.141510 -0.500000
0.391730 0.162070 -0.500000
0.500000 -0.137580 -0.289900
-0.443960 0.500000 -0.427110
-0.367290 0.500000 -0.279790
-0.500000 0.239880 -0.460540
-0.362040 0.500000 -0.371520
-0.348150 0.500000 -0.260530
-0.361420 0.475760 -0.500000
-0.356690 0.500000 -0.287120
-0.296110 0.500000 -0.283830
-0.343850 0.500000 -0.283890
-0.500000 0.484090 -0.334260
-0.388240 0.500000 -0.339540
0.417890 -0.198060 -0.500000
0.500000 -0.140390 -0.309730
-0.500000 0.215600 -0.458380
-0.500000 0.163610 -0.432310
0.366210 0.363280 -0.500000
0.153790 -0.500000 0.232760
0.500000 0.016115 0.087053
0.500000 -0.136880 -0.285350
-0.500000 0.013921 0.139280
0.031287 -0.147810 0.500000
0.073524 0.066269 0.500000
-0.006859 0.060085 0.500000
0.196370 -0.500000 0.310460
0.500000 -0.384590 0.170890
0.197390 -0.500000 0.184070
0.500000 -0.447160 0.385770
0.103520 -0.500000 0.332820
0.069690 -0.500000 0.216130
0.276330 -0.381690 -0.500000
0.293730 -0.382160 -0.500000
-0.421850 -0.500000 0.129820
-0.500000 -0.417220 0.292480
-0.453010 -0.500000 0.276260
-0.403500 -0.500000 0.234780
-0.435340 -0.500000 0.357010
-0.303540 0.500000 -0.202340
0.323820 -0.500000 -0.041264
-0.397360 -0.500000 -0.032349
-0.500000 0.008892 0.144190
-0.500000 0.015336 0.136150
-0.500000 0.012513 0.143860
-0.036287 0.500000 0.211530
0.500000 0.496020 -0.313250
0.348300 0.500000 -0.422520
0.500000 -0.137460 -0.290850
0.001052 -0.500000 0.449280
-0.026054 -0.500000 0.165400
-0.031145 0.371350 0.500000
-0.130080 0.358360 0.500000
-0.367090 -0.500000 0.086327
-0.500000 -0.334710 0.344770
-0.304910 -0.500000 0.240800
-0.207160 -0.493670 0.500000
-0.358340 -0.500000 0.450310
-0.149650 -0.500000 0.219150
0.102580 0.500000 -0.167790
0.273150 0.500000 -0.140530
0.356150 0.464020 0.500000
-0.357180 0.449780 -0.500000
0.500000 0.150900 -0.318070
0.500000 -0.134450 -0.288690
0.275510 0.500000 -0.385640
-0.119460 0.500000 -0.287540
0.359720 0.500000 -0.329080
0.253800 0.347090 -0.500000
0.500000 0.362330 -0.119240
-0.500000 0.246390 -0.203630
0.500000 0.279680 0.345340
0.344790 0.500000 -0.114790
0.500000 0.301870 0.121210
-0.500000 0.084526 -0.115370
0 2
0 3
0 10
0 25
0 29
0 31
1 4
1 6
1 8
1 9
1 12
1 13
1 19
1 27
1 28
1 32
2 3
2 9
2 10
2 13
2 17
2 25
2 26
2 27
2 28
2 31
2 32
3 25
3 29
4 5
4 7
4 8
4 9
4 12
4 13
4 14
4 19
4 21
4 32
5 8
5 11
5 13
5 14
5 15
5 19
5 21
5 23
5 29
5 30
5 31
6 9
6 12
6 13
6 16
6 19
6 21
6 27
6 30
7 12
7 14
7 21
8 9
8 12
8 13
8 14
8 15
8 22
8 26
8 31
8 32
9 12
9 13
9 17
9 25
9 27
9 28
9 31
9 32
10 17
10 22
10 25
10 26
10 28
10 31
10 32
11 14
11 18
11 23
12 14
12 19
12 32
13 16
13 19
13 25
13 27
13 29
13 30
13 31
13 32
14 15
14 21
14 23
15 20
15 22
15 23
15 24
15 26
15 31
16 19
16 21
16 27
16 30
17 28
18 23
18 24
19 21
19 30
20 22
20 24
21 30
22 26
22 32
23 24
23 31
25 27
25 29
25 31
26 31
26 32
27 29
28 32
29 31
31 32
18 33
7 34
21 35
20 36
12 37
0 38
0 39
0 40
17 41
1 42
1 43
1 44
1 45
1 46
1 47
1 48
1 49
1 50
1 51
1 52
10 53
15 54
24 55
26 56
31 57
20 58
24 59
2 60
2 61
2 62
2 63
2 64
2 65
10 66
15 67
22 68
24 69
26 70
18 71
12 72
9 73
17 74
27 75
28 76
3 77
3 78
3 79
3 80
3 81
3 82
3 83
3 84
3 85
3 86
3 87
3 88
3 89
3 90
3 91
24 92
24 93
5 94
21 95
30 96
24 97
10 98
22 99
28 100
32 101
8 102
20 103
22 104
4 105
5 106
5 107
5 108
5 109
5 110
5 111
5 112
6 113
6 114
6 115
6 116
6 117
7 118
7 119
7 120
7 121
7 122
7 123
7 124
7 125
11 126
30 127
8 128
8 129
8 130
8 131
8 132
8 133
8 134
11 135
15 136
18 137
23 138
24 139
9 140
9 141
9 142
10 143
10 144
10 145
10 146
10 147
10 148
10 149
10 150
17 151
28 152
14 153
18 154
11 155
11 156
11 157
11 158
11 159
17 160
28 161
12 162
12 163
12 164
12 165
12 166
12 167
12 168
12 169
12 170
27 171
17 172
28 173
24 174
20 175
21 176
30 177
18 178
13 179
13 180
13 181
13 182
17 183
14 184
14 185
14 186
14 187
14 188
14 189
14 190
16 191
17 192
28 193
15 194
15 195
15 196
15 197
15 198
21 199
16 200
16 201
16 202
16 203
16 204
16 205
16 206
16 207
16 208
30 209
17 210
17 211
17 212
17 213
17 214
17 215
17 216
17 217
17 218
17 219
17 220
21 221
30 222
28 223
32 224
27 225
18 226
29 227
30 228
22 229
23 230
29 231
31 232
18 233
18 234
18 235
18 236
18 237
18 238
19 239
21 240
20 241
20 242
20 243
20 244
20 245
28 246
21 247
22 248
22 249
22 250
22 251
25 252
27 253
27 254
30 255
23 256
23 257
29 258
31 259
24 260
24 261
24 262
24 263
24 264
24 265
25 266
25 267
29 268
28 269
27 270
30 271
27 272
28 273
27 274
27 275
27 276
28 277
29 278
29 279
29 280
32 281
0.500000
