272 367 0
-0.183730 -0.374900 0.316510
-0.472910 0.499010 0.360140
0.235590 -0.494640 0.265360
0.001095 -0.159820 -0.351230
0.254480 0.390440 0.107630
0.014411 0.059303 -0.414390
0.409090 0.296740 -0.112920
0.355480 0.031340 -0.215940
0.343600 -0.431970 0.229950
0.346680 -0.216440 -0.448180
0.190630 -0.169700 0.422540
0.350410 -0.099979 -0.200460
-0.070123 -0.209690 0.308250
-0.278430 -0.170040 0.311890
-0.237150 -0.312590 0.258620
0.091162 0.228920 -0.166810
-0.449750 0.382810 -0.014530
-0.312680 0.043953 -0.433080
0.148930 0.254430 -0.095774
0.092652 -0.312960 -0.373990
-0.045129 0.360350 0.152850
-0.275360 -0.067745 -0.158310
-0.044328 -0.333720 -0.192710
-0.167620 0.303680 -0.233230
-0.350360 0.022239 0.455680
-0.346960 -0.151420 -0.407070
-0.128800 0.284970 0.114330
-0.115460 0.176760 0.371740
-0.493510 -0.091977 -0.215570
0.126890 0.449270 -0.196180
-0.026161 -0.039538 0.470060
0.263020 0.440220 -0.020917
-0.058284 -0.500000 0.058431
-0.368000 -0.399810 0.500000
-0.144800 -0.500000 0.396120
-0.225560 -0.109110 0.500000
-0.140340 -0.116130 0.500000
-0.236450 -0.500000 0.268710
-0.009625 -0.500000 0.344470
-0.178040 -0.500000 0.278530
-0.345810 -0.500000 0.339030
0.188510 -0.500000 0.219980
0.068803 -0.500000 0.066859
-0.035974 -0.500000 0.030544
-0.057209 -0.500000 0.036329
-0.018086 -0.500000 -0.038743
-0.034499 -0.500000 -0.019779
0.193300 -0.165650 0.500000
-0.007162 -0.048474 0.500000
-0.412990 -0.307310 0.500000
-0.388910 -0.075953 0.500000
0.010458 -0.500000 0.479950
-0.070815 -0.500000 0.499760
0.121840 0.055969 -0.500000
0.419220 0.037982 -0.500000
0.367580 -0.176680 -0.500000
0.308410 0.500000 0.014891
-0.359460 0.406900 0.500000
-0.500000 0.470810 0.405980
-0.473530 0.500000 0.360140
-0.476730 0.500000 0.355810
-0.470040 0.500000 0.359450
-0.472740 0.500000 0.361710
-0.490050 0.333550 0.500000
-0.476450 0.500000 0.362860
-0.474260 0.500000 0.359700
-0.472810 0.500000 0.360070
-0.473330 0.500000 0.359770
-0.500000 0.493080 0.346640
-0.417480 0.500000 0.333480
0.239310 -0.500000 0.259280
0.237020 -0.500000 0.291870
0.231970 -0.500000 0.262280
0.230900 -0.500000 0.270300
0.260190 -0.500000 0.282790
0.240210 -0.500000 0.255970
0.237200 -0.500000 0.267630
0.232530 -0.500000 0.267920
0.242960 -0.500000 0.263440
0.053233 -0.500000 -0.400940
-0.256340 -0.041105 0.500000
-0.315650 0.021487 0.500000
-0.192420 0.084251 0.500000
-0.081416 -0.024572 0.500000
0.359700 -0.500000 0.174760
0.002220 -0.058117 -0.500000
0.101110 -0.175790 -0.500000
-0.111810 -0.334190 -0.500000
-0.143180 -0.130970 -0.500000
0.500000 0.203490 0.242520
0.500000 0.209790 0.162440
0.500000 0.151940 0.173280
0.500000 0.074343 0.255070
0.500000 0.145940 0.275600
0.500000 0.129380 0.178450
0.500000 0.185260 0.230260
0.500000 0.178790 0.265820
0.500000 0.166260 0.272390
-0.500000 -0.102250 -0.216950
0.010266 0.052159 -0.500000
0.255710 -0.148460 -0.500000
-0.212310 0.042748 -0.500000
0.081041 -0.020236 -0.500000
0.321260 -0.212070 -0.500000
0.146890 -0.266260 -0.500000
0.500000 0.290990 -0.249490
0.500000 0.142740 -0.350730
0.313500 -0.500000 0.460400
0.205070 -0.253890 0.500000
0.477260 -0.500000 0.176230
0.404990 0.500000 0.132300
0.186510 0.500000 0.252540
0.431960 0.500000 0.486450
0.292480 0.500000 0.147240
0.500000 0.303100 -0.047923
-0.372780 0.500000 -0.023790
-0.123470 0.500000 0.074655
-0.184910 0.500000 0.035284
0.499250 0.500000 -0.469050
-0.181010 0.239540 -0.500000
-0.070594 0.500000 -0.450890
0.173310 0.500000 -0.275850
-0.100370 -0.012186 -0.500000
0.500000 0.480570 -0.411780
0.500000 -0.022278 -0.223740
0.500000 0.275010 -0.173780
0.240080 0.500000 -0.226840
0.467440 0.500000 -0.147740
0.500000 0.297520 -0.065592
0.500000 0.463120 -0.442810
0.500000 -0.050928 -0.234380
0.500000 0.089764 -0.266270
0.500000 0.272140 -0.072788
0.096909 0.453380 0.500000
-0.006233 0.297120 0.500000
0.253280 -0.114250 0.500000
-0.116020 0.092611 0.500000
-0.046803 -0.024479 0.500000
-0.282930 -0.500000 0.221050
-0.292220 0.096114 -0.500000
0.500000 -0.497730 0.381920
0.500000 -0.263670 0.116620
0.439490 -0.342160 0.500000
0.500000 -0.339270 0.440000
0.362310 -0.500000 0.146590
0.500000 -0.078501 -0.208310
0.500000 -0.477100 0.323210
0.345910 -0.500000 0.260040
0.398770 -0.500000 0.058107
0.388390 -0.500000 0.220130
0.500000 -0.246490 0.287890
0.150820 -0.500000 0.381400
0.082322 -0.500000 0.352140
-0.345750 0.281000 0.500000
-0.313770 0.365600 0.500000
-0.318290 0.500000 -0.079352
-0.106050 0.500000 -0.002834
-0.166350 0.500000 -0.186870
-0.151250 0.500000 -0.050365
0.047554 0.500000 -0.184930
0.132330 0.500000 -0.061722
0.500000 -0.213620 -0.432890
0.500000 -0.348490 -0.438250
0.500000 -0.066036 -0.248330
0.454110 -0.500000 -0.322200
0.335980 -0.275370 -0.500000
0.388560 -0.212570 -0.500000
-0.500000 0.409940 -0.020006
-0.437550 0.500000 0.318520
-0.500000 -0.092813 -0.212260
-0.404330 0.161560 -0.500000
-0.392190 0.143180 -0.500000
-0.395360 0.162260 -0.500000
-0.398220 0.128670 -0.500000
-0.406350 0.149200 -0.500000
-0.500000 0.399470 -0.123610
-0.500000 0.402700 -0.310130
-0.500000 -0.058900 -0.222950
-0.324610 0.053814 0.500000
-0.155510 0.181580 0.500000
0.500000 -0.316190 -0.371460
0.500000 -0.386170 -0.427410
-0.489300 0.057410 0.500000
-0.482140 0.500000 -0.033286
0.492730 0.500000 -0.453110
0.419440 0.500000 -0.401840
0.261390 -0.182680 0.500000
0.122140 -0.060067 0.500000
0.500000 -0.096206 0.372310
-0.081121 0.182200 0.500000
-0.027279 -0.006289 0.500000
-0.300610 0.216530 -0.500000
-0.272720 0.335900 -0.500000
-0.395880 0.078435 0.500000
0.395810 -0.500000 -0.139350
0.247540 -0.500000 -0.247720
0.161960 -0.500000 -0.154870
-0.053221 -0.402280 -0.500000
-0.165430 -0.450570 -0.500000
-0.299070 -0.288960 -0.500000
0.500000 -0.059136 -0.233470
0.465710 -0.500000 -0.249590
0.500000 -0.079868 0.065196
-0.500000 -0.311420 0.296690
-0.352220 -0.114030 0.500000
-0.500000 -0.288090 0.161900
-0.399920 -0.500000 0.343880
-0.500000 -0.174300 0.304660
-0.500000 -0.397850 0.267980
0.369310 0.500000 0.048962
-0.329770 -0.054607 -0.500000
-0.340640 -0.116660 -0.500000
-0.354750 -0.102820 -0.500000
-0.264340 -0.500000 -0.001497
-0.500000 -0.362820 0.125020
-0.377660 -0.500000 0.327950
-0.447120 0.500000 0.075858
-0.066788 0.500000 -0.441790
0.336020 -0.500000 -0.309480
-0.474230 -0.500000 -0.497710
-0.500000 -0.370640 -0.387690
-0.470400 0.500000 -0.110020
-0.379220 0.500000 -0.176900
-0.493680 0.500000 0.032041
-0.500000 0.387450 0.010234
-0.288010 0.500000 0.264010
-0.500000 0.396450 -0.047181
-0.500000 0.317730 0.020815
-0.291560 -0.012021 -0.500000
0.129000 -0.284290 -0.500000
0.112900 -0.500000 -0.327240
-0.097704 -0.500000 -0.320820
-0.088856 -0.206300 -0.500000
0.145250 -0.403470 -0.500000
0.001992 0.500000 0.165330
-0.013438 0.500000 0.305950
0.418770 0.500000 0.494300
0.146420 0.500000 0.175570
-0.280760 0.500000 0.267680
0.246510 0.500000 0.008025
-0.286930 -0.500000 -0.233370
-0.500000 -0.238440 -0.071047
-0.076986 0.500000 -0.441340
-0.040297 0.500000 -0.410450
0.022393 -0.500000 -0.212760
-0.159630 -0.500000 -0.227070
-0.500000 -0.381620 -0.053101
-0.230030 0.500000 -0.325440
-0.365240 0.011302 0.500000
-0.500000 0.143610 0.370510
-0.285070 0.500000 0.270540
-0.500000 0.001382 0.468820
-0.500000 -0.034776 0.409940
-0.500000 -0.171830 -0.376330
-0.500000 -0.094738 -0.218150
-0.311480 -0.500000 -0.316270
-0.306010 -0.132310 -0.500000
-0.379140 -0.161920 -0.500000
-0.283050 0.500000 0.267940
-0.025537 0.500000 0.483270
0.158550 0.500000 -0.225680
0.227130 0.500000 -0.143440
0.392080 0.476760 0.500000
-0.283520 0.500000 0.270370
-0.500000 -0.082391 -0.208190
-0.356270 -0.500000 -0.250280
-0.500000 -0.100990 -0.208960
-0.500000 -0.072988 -0.213670
-0.500000 -0.093462 -0.207170
0.306860 0.500000 -0.047770
0.286330 0.500000 0.044000
0.500000 0.306300 -0.055395
0 2
0 10
0 12
0 13
0 14
0 30
1 16
1 24
2 8
2 10
2 12
3 5
3 7
3 9
3 11
3 15
3 17
3 19
3 21
3 22
3 25
4 6
4 10
4 18
4 20
4 27
4 31
5 7
5 9
5 11
5 15
5 17
5 21
5 23
5 29
6 7
6 15
6 18
6 29
6 31
7 9
7 11
7 15
7 18
7 29
8 10
8 11
8 12
8 22
9 11
9 19
10 11
10 12
10 18
10 27
10 30
11 12
11 15
11 18
11 19
11 22
12 13
12 14
12 15
12 18
12 21
12 22
12 26
12 27
12 30
13 14
13 16
13 21
13 24
13 26
13 27
13 28
13 30
14 21
14 22
14 28
15 18
15 20
15 21
15 22
15 23
15 26
15 29
16 17
16 21
16 23
16 24
16 26
16 28
17 21
17 23
17 25
17 28
18 20
18 26
18 27
18 29
18 31
19 22
20 23
20 26
20 27
20 29
20 31
21 22
21 23
21 25
21 26
21 28
22 25
22 28
23 26
23 28
23 29
24 26
24 27
24 28
24 30
25 28
26 27
27 30
29 31
0 32
0 33
0 34
0 35
0 36
0 37
0 38
0 39
0 40
2 41
8 42
12 43
14 44
19 45
22 46
10 47
30 48
13 49
24 50
10 51
30 52
5 53
7 54
9 55
31 56
1 57
1 58
1 59
1 60
1 61
1 62
1 63
1 64
1 65
1 66
1 67
1 68
1 69
2 70
2 71
2 72
2 73
2 74
2 75
2 76
2 77
2 78
19 79
13 80
24 81
27 82
30 83
8 84
3 85
3 86
3 87
3 88
4 89
6 90
7 91
8 92
10 93
11 94
18 95
27 96
30 97
28 98
5 99
9 100
17 101
5 102
9 103
19 104
6 105
7 106
8 107
10 108
8 109
4 110
4 111
4 112
4 113
4 114
16 115
20 116
26 117
5 118
5 119
5 120
5 121
5 122
6 123
6 124
6 125
6 126
6 127
6 128
7 129
7 130
7 131
7 132
20 133
27 134
10 135
27 136
30 137
14 138
17 139
8 140
8 141
8 142
8 143
8 144
8 145
8 146
8 147
8 148
8 149
8 150
10 151
12 152
24 153
27 154
16 155
20 156
23 157
26 158
29 159
31 160
9 161
9 162
9 163
9 164
9 165
9 166
16 167
16 168
28 169
16 170
17 171
23 172
25 173
28 174
16 175
23 176
28 177
24 178
27 179
11 180
19 181
24 182
16 183
15 184
29 185
10 186
10 187
10 188
27 189
30 190
17 191
23 192
24 193
11 194
19 195
22 196
19 197
22 198
25 199
11 200
11 201
11 202
13 203
13 204
13 205
13 206
13 207
14 208
31 209
17 210
25 211
28 212
14 213
14 214
14 215
16 216
15 217
19 218
25 219
28 220
16 221
16 222
16 223
16 224
16 225
16 226
16 227
17 228
19 229
19 230
19 231
19 232
19 233
20 234
20 235
20 236
20 237
20 238
31 239
21 240
21 241
23 242
29 243
22 244
22 245
22 246
23 247
24 248
24 249
24 250
24 251
24 252
25 253
28 254
25 255
25 256
25 257
26 258
27 259
29 260
31 261
27 262
27 263
28 264
28 265
28 266
28 267
28 268
31 269
31 270
31 271
0.500000
