291 401 0
0.121890 0.073328 0.280990
0.070946 0.438450 -0.341900
0.015697 -0.371580 0.348710
0.343630 -0.096364 -0.241880
-0.068083 -0.420600 0.402950
0.465700 -0.460920 -0.440350
-0.141940 0.256570 -0.378030
0.445250 -0.465890 0.074334
0.310260 -0.229320 0.102160
-0.190870 -0.126220 -0.159330
-0.121120 -0.261710 0.360440
-0.374330 -0.040887 0.163210
0.434280 -0.169610 -0.307230
0.232870 0.101040 0.484420
-0.073525 -0.322900 -0.311500
0.155910 0.330130 -0.028615
-0.384660 0.332440 -0.095382
-0.361800 0.167810 0.144330
0.146160 -0.364920 0.340330
-0.054903 0.054269 -0.052892
0.013812 0.057139 0.418470
-0.241990 0.006920 0.027297
-0.348230 0.107970 -0.015723
0.321640 -0.166120 -0.456270
-0.458100 -0.491860 0.440450
-0.444840 -0.287460 -0.317650
-0.254830 0.290280 0.258860
-0.356410 0.080123 0.010208
-0.084704 0.451370 0.336550
-0.224100 -0.491770 0.011840
-0.497520 -0.055972 0.346420
-0.266220 -0.307730 -0.353670
-0.016987 -0.288500 0.153390
0.250940 0.023682 -0.489520
0.500000 0.001874 0.142320
0.212960 0.500000 0.233810
0.312210 0.500000 0.378770
0.107290 0.500000 -0.305050
0.197270 0.500000 -0.076567
0.036169 0.500000 -0.403360
0.500000 0.429740 -0.341110
0.100900 0.500000 -0.343770
-0.064568 0.500000 -0.388860
0.062843 0.500000 -0.346420
0.059319 0.500000 -0.215550
0.029289 0.500000 -0.259490
0.210900 0.500000 -0.471820
0.090284 0.500000 -0.464500
0.113420 -0.500000 0.454390
0.006695 -0.500000 0.127100
0.026669 -0.285120 0.500000
-0.093908 -0.500000 0.318440
0.105350 -0.412130 0.500000
0.047612 -0.500000 0.428220
0.151830 -0.500000 0.294640
0.096451 -0.500000 0.456340
0.125280 -0.500000 0.454140
0.500000 -0.412540 -0.410850
0.500000 -0.397070 -0.065801
0.500000 -0.209300 -0.313870
-0.500000 0.160700 -0.366940
-0.500000 0.247520 -0.197360
-0.500000 -0.196030 -0.327640
-0.500000 0.050856 -0.235960
-0.500000 -0.038753 -0.185610
-0.500000 -0.023578 -0.032085
-0.500000 0.153210 -0.147380
-0.500000 0.038590 -0.121590
-0.500000 -0.191320 -0.275100
-0.500000 0.028436 -0.108270
0.460510 -0.500000 0.095597
-0.171030 -0.500000 0.383890
-0.247880 -0.500000 0.359970
-0.446360 -0.500000 0.434410
-0.229940 -0.500000 0.038174
0.500000 -0.184060 -0.183530
0.500000 -0.045139 -0.020120
0.500000 0.147460 -0.288030
0.500000 0.021455 -0.229140
0.500000 -0.029572 -0.359090
0.268330 -0.500000 -0.155320
0.500000 0.368800 -0.028226
-0.190460 0.437220 0.500000
-0.113790 0.495600 0.500000
-0.223810 -0.500000 0.012793
-0.023943 -0.500000 -0.356450
-0.139100 -0.325380 0.500000
-0.041645 -0.347440 0.500000
-0.077337 -0.457010 0.500000
-0.121720 -0.500000 0.362070
0.026959 -0.435450 0.500000
0.036987 -0.500000 0.430860
-0.140400 -0.380290 0.500000
-0.278120 -0.403520 -0.500000
0.492030 -0.500000 -0.452690
0.470850 -0.500000 -0.303580
0.497890 -0.500000 -0.409550
0.474910 -0.500000 -0.425380
0.500000 -0.452200 -0.492740
0.367420 -0.500000 -0.374850
0.448200 -0.407820 -0.500000
0.429030 -0.500000 -0.389210
0.430230 -0.500000 -0.486160
-0.500000 0.022926 0.098688
-0.500000 0.079449 0.031627
-0.500000 0.069942 0.040075
-0.500000 -0.052416 0.337850
-0.329870 -0.500000 -0.285950
-0.344680 -0.500000 -0.285980
-0.284440 -0.500000 -0.141240
-0.338150 -0.500000 -0.287490
-0.088111 0.500000 -0.489090
-0.202160 0.122100 -0.500000
-0.080658 0.379330 -0.500000
-0.131730 0.230230 -0.500000
-0.279810 0.500000 -0.450240
-0.266580 0.165150 -0.500000
-0.290320 0.340810 -0.500000
0.034056 0.461240 -0.500000
-0.475970 -0.499480 0.500000
0.246710 0.105830 0.500000
0.500000 -0.421060 0.027510
0.455240 -0.500000 0.064151
0.479480 -0.500000 -0.026438
0.360960 -0.500000 0.036428
0.500000 -0.462290 0.087576
0.415420 -0.500000 0.049041
0.431770 -0.500000 0.112130
0.419710 -0.500000 0.103900
0.500000 -0.183970 0.165890
0.500000 -0.020918 0.356710
-0.500000 0.070464 0.136310
-0.500000 0.133530 0.130130
-0.500000 0.108680 0.092532
-0.500000 -0.048478 0.336950
0.500000 -0.242200 0.294180
0.426620 -0.039522 0.500000
0.500000 -0.299600 0.452270
0.500000 -0.256130 -0.014127
0.500000 -0.084695 0.106750
0.107100 -0.500000 -0.046496
0.500000 -0.385880 0.106410
0.264550 -0.500000 -0.016079
0.309330 -0.500000 0.186270
0.500000 0.227080 0.446880
-0.500000 0.346750 -0.152630
-0.500000 -0.275370 0.441050
-0.500000 -0.081580 0.466300
-0.189530 -0.205190 0.500000
-0.071081 -0.211870 0.500000
-0.300790 0.037639 0.500000
-0.194230 -0.268110 0.500000
-0.489660 0.500000 -0.187420
-0.500000 -0.209080 0.368660
-0.500000 -0.086606 0.252340
-0.376520 0.133790 0.500000
-0.500000 -0.127610 0.074031
-0.026465 -0.285030 -0.500000
0.302020 -0.168200 -0.500000
-0.181470 -0.279930 -0.500000
0.247450 0.019017 -0.500000
0.500000 -0.200270 -0.255260
0.500000 -0.104910 -0.132710
0.500000 -0.095160 -0.289060
0.500000 -0.116830 -0.357070
0.424190 -0.268150 -0.500000
0.309320 -0.500000 -0.187170
0.382110 -0.124470 -0.500000
0.500000 0.014247 0.204360
0.500000 0.056934 0.080173
0.462170 0.500000 0.371420
0.247190 0.095358 0.500000
0.220790 0.126250 0.500000
0.213930 0.120610 0.500000
0.217390 0.098867 0.500000
0.224950 0.092721 0.500000
0.334600 0.500000 0.423530
0.232340 0.060536 0.500000
0.371790 0.500000 0.177290
0.273790 -0.205970 0.500000
0.350750 0.500000 0.000710
-0.035408 -0.500000 -0.211150
-0.179020 -0.302660 -0.500000
-0.080619 -0.180030 -0.500000
0.248630 -0.320420 -0.500000
0.063291 -0.500000 -0.219970
0.180830 -0.500000 -0.498520
-0.054317 -0.498850 -0.500000
-0.356190 0.500000 0.003132
-0.263760 0.500000 0.258870
-0.500000 -0.278670 -0.404980
0.500000 0.393310 -0.234070
0.500000 0.289430 -0.121300
0.084888 0.500000 -0.003175
0.202300 0.500000 0.089623
0.279330 0.500000 0.228340
-0.467860 0.500000 -0.190050
-0.492350 0.500000 -0.321150
-0.367680 0.500000 -0.316000
-0.130810 0.500000 -0.030004
-0.250250 0.500000 -0.053576
-0.500000 0.280200 0.009143
-0.438350 0.409220 -0.500000
-0.046544 0.491000 0.500000
-0.500000 0.181350 0.293700
-0.374750 0.164930 0.500000
-0.500000 0.244920 0.061647
0.116000 -0.277320 0.500000
0.500000 -0.438760 0.153600
0.236410 -0.500000 0.329880
0.181110 -0.409670 0.500000
0.056622 -0.500000 0.427930
0.223750 -0.500000 0.288800
-0.500000 -0.394950 0.445610
-0.500000 -0.310620 0.383340
-0.500000 -0.066239 0.351310
-0.500000 0.204140 0.333160
-0.500000 -0.044691 0.346520
-0.212460 -0.500000 0.004479
-0.009130 -0.500000 -0.012085
-0.421140 -0.279770 -0.500000
-0.298370 -0.295150 -0.500000
-0.464090 -0.500000 0.440340
-0.242420 -0.500000 0.034202
-0.065418 0.500000 0.324570
-0.500000 -0.274810 -0.347300
-0.229870 -0.500000 0.003403
0.500000 0.257990 -0.402920
-0.500000 -0.384830 0.406820
-0.500000 -0.223240 0.240230
-0.500000 -0.057577 0.345910
-0.222460 -0.192490 -0.500000
0.242510 0.026487 -0.500000
-0.500000 -0.061722 0.377940
-0.017466 0.150700 0.500000
-0.099332 0.458290 0.500000
0.366640 0.034719 -0.500000
-0.500000 -0.494290 -0.335140
-0.319490 -0.500000 -0.106280
-0.487330 -0.500000 -0.338270
-0.500000 -0.473800 0.452540
-0.456460 -0.500000 0.438740
-0.232620 -0.500000 0.028768
-0.072051 0.007176 0.500000
-0.233860 -0.500000 0.008865
-0.426980 -0.491810 0.500000
-0.500000 -0.304990 -0.314030
-0.310600 0.393370 0.500000
-0.221520 0.500000 0.267860
-0.094856 0.500000 0.329890
-0.309890 0.500000 0.384390
-0.128890 0.500000 0.368430
-0.063541 0.500000 0.098733
-0.047387 0.500000 0.238500
-0.014256 0.055627 0.500000
0.021062 0.028832 0.500000
0.351320 -0.212780 -0.500000
0.105070 -0.500000 0.022670
-0.212660 0.119340 0.500000
-0.484880 -0.187670 -0.500000
-0.363580 -0.213680 -0.500000
-0.012881 0.500000 0.310350
0.047017 0.500000 0.356810
-0.415200 -0.500000 0.480560
-0.500000 0.235150 0.030207
-0.172670 0.500000 0.119330
-0.087555 0.500000 0.266360
0.341230 -0.142230 -0.500000
0.325040 -0.290650 -0.500000
0.247230 -0.267460 -0.500000
-0.500000 -0.479600 0.489430
0.268940 0.002718 -0.500000
-0.352870 0.189230 0.500000
-0.299290 0.240670 0.500000
-0.410430 0.103180 0.500000
-0.500000 -0.455090 0.354460
-0.456480 -0.500000 0.444190
-0.495820 -0.500000 0.405270
-0.431260 -0.450050 0.500000
-0.224260 -0.500000 0.025332
-0.500000 -0.284170 -0.266780
-0.500000 -0.366550 -0.037120
-0.500000 0.267610 0.067942
-0.159380 -0.469770 -0.500000
-0.500000 0.228360 0.034793
0.260960 0.057889 -0.500000
-0.282990 -0.500000 0.014344
-0.500000 -0.060518 0.349180
0.224570 0.116350 -0.500000
0.257720 0.028916 -0.500000
0.174630 -0.500000 0.199800
0 8
0 10
0 13
0 15
0 18
0 19
0 20
0 21
0 26
0 28
0 32
1 6
1 15
1 16
1 19
1 33
2 4
2 10
2 18
2 20
2 29
2 32
3 7
3 8
3 9
3 12
3 14
3 15
3 19
3 23
3 32
3 33
4 10
4 24
4 29
4 32
5 7
5 12
5 14
5 23
6 9
6 14
6 15
6 16
6 19
6 22
6 25
6 31
6 33
7 8
7 12
7 18
7 32
8 12
8 13
8 14
8 15
8 18
8 19
8 32
9 11
9 14
9 19
9 21
9 22
9 25
9 27
9 29
9 31
9 32
9 33
10 11
10 18
10 20
10 21
10 24
10 29
10 30
10 32
11 17
11 20
11 21
11 24
11 25
11 26
11 27
11 29
11 30
11 32
12 14
12 23
12 33
13 15
13 18
13 20
13 28
14 19
14 23
14 29
14 31
14 32
14 33
15 16
15 19
15 26
15 28
15 33
16 17
16 19
16 22
16 26
17 19
17 21
17 22
17 26
17 27
17 30
18 20
18 32
19 21
19 22
19 26
19 32
19 33
20 21
20 26
20 28
20 30
20 32
21 22
21 26
21 27
21 29
21 32
22 26
22 27
23 33
24 29
25 29
25 31
26 28
29 31
29 32
31 33
0 34
0 35
0 36
1 37
15 38
1 39
1 40
1 41
1 42
1 43
1 44
1 45
1 46
1 47
2 48
2 49
2 50
2 51
2 52
2 53
2 54
4 55
18 56
5 57
7 58
12 59
6 60
16 61
25 62
6 63
9 64
11 65
16 66
22 67
25 68
27 69
7 70
4 71
10 72
24 73
29 74
3 75
3 76
3 77
3 78
3 79
3 80
15 81
26 82
28 83
29 84
14 85
4 86
4 87
4 88
4 89
4 90
4 91
4 92
31 93
5 94
5 95
5 96
5 97
5 98
5 99
5 100
5 101
5 102
11 103
22 104
27 105
30 106
14 107
25 108
29 109
31 110
6 111
6 112
6 113
6 114
6 115
6 116
6 117
6 118
24 119
13 120
7 121
7 122
7 123
7 124
7 125
7 126
7 127
7 128
8 129
13 130
11 131
17 132
27 133
30 134
8 135
13 136
18 137
8 138
8 139
8 140
8 141
8 142
8 143
13 144
16 145
10 146
10 147
10 148
10 149
10 150
10 151
16 152
11 153
11 154
11 155
11 156
14 157
23 158
31 159
33 160
12 161
12 162
12 163
12 164
12 165
12 166
12 167
13 168
15 169
13 170
13 171
13 172
13 173
13 174
13 175
13 176
13 177
15 178
18 179
15 180
14 181
14 182
14 183
14 184
14 185
14 186
14 187
16 188
26 189
25 190
15 191
15 192
15 193
15 194
15 195
16 196
16 197
16 198
16 199
16 200
16 201
16 202
28 203
17 204
17 205
17 206
18 207
18 208
18 209
18 210
18 211
18 212
24 213
29 214
30 215
26 216
30 217
29 218
32 219
25 220
31 221
24 222
29 223
28 224
25 225
29 226
33 227
24 228
29 229
30 230
31 231
33 232
30 233
20 234
28 235
33 236
25 237
29 238
31 239
24 240
24 241
29 242
20 243
29 244
24 245
25 246
26 247
26 248
28 249
26 250
28 251
26 252
28 253
20 254
20 255
23 256
32 257
20 258
25 259
31 260
28 261
28 262
24 263
22 264
26 265
28 266
23 267
23 268
23 269
24 270
33 271
26 272
28 273
30 274
24 275
24 276
24 277
24 278
29 279
25 280
29 281
26 282
31 283
27 284
33 285
29 286
30 287
33 288
33 289
32 290
0.500000
