272 385 0
-0.242390 0.499650 0.259840
-0.077566 0.170810 -0.077438
-0.052140 0.361240 0.209210
0.176380 0.238360 -0.446820
-0.280390 -0.079160 -0.210090
-0.491970 -0.040319 0.300240
-0.141240 0.225300 0.471570
-0.349400 0.094645 0.153720
0.448210 0.445930 0.181980
0.160580 0.155620 0.378420
0.139080 -0.010445 0.144100
0.128010 0.492000 0.408440
-0.171740 -0.052993 -0.206370
0.342020 -0.330410 0.039353
0.155770 -0.218110 0.143580
0.494400 -0.208800 0.349490
-0.218910 0.107770 -0.122590
0.217990 0.077027 -0.439810
0.382740 0.381260 0.134870
-0.225990 0.233160 -0.198100
0.294410 0.468930 0.313100
0.293380 -0.226820 -0.186440
-0.113680 0.267800 0.282580
-0.259210 0.372220 -0.073206
0.321160 -0.375960 0.077820
-0.429200 -0.495440 -0.259160
-0.104660 -0.454440 0.378390
-0.209720 -0.068471 -0.350060
0.398100 0.281910 -0.261100
0.084751 0.019759 0.116580
-0.274860 0.086734 -0.204530
0.357040 0.455560 0.156150
-0.103610 0.495770 0.453610
0.405030 0.493410 -0.279330
-0.154180 0.325110 -0.432760
-0.241350 0.500000 0.259730
-0.242610 0.500000 0.259940
-0.242510 0.500000 0.260010
-0.500000 0.304750 0.463160
-0.500000 0.485430 0.044589
-0.500000 0.386040 0.252220
-0.242970 0.500000 0.260370
-0.242210 0.500000 0.259490
-0.184150 0.451350 0.500000
-0.241520 0.500000 0.259390
-0.157200 0.385780 -0.500000
0.001114 0.500000 0.071404
0.500000 -0.212580 0.350190
0.097647 0.153320 -0.500000
-0.056930 0.004937 -0.500000
0.115720 0.053508 -0.500000
-0.090376 -0.010630 -0.500000
-0.096044 0.188740 -0.500000
-0.273460 0.445410 -0.500000
-0.010096 0.500000 0.222900
0.118680 0.500000 0.393630
0.221650 0.500000 0.291750
0.242430 0.500000 0.181520
-0.098081 0.500000 0.443380
0.263110 0.260130 -0.500000
-0.500000 -0.043364 0.301760
-0.425450 -0.500000 -0.264560
-0.103350 0.500000 0.452580
-0.132450 0.270280 -0.500000
-0.007770 0.500000 0.160090
0.158990 0.500000 -0.407480
0.500000 0.128420 -0.377610
0.193550 0.219370 -0.500000
0.172990 0.248180 -0.500000
0.474520 0.089801 -0.500000
0.158670 0.420520 -0.500000
0.338740 0.382150 -0.500000
-0.382870 -0.231990 -0.500000
-0.500000 -0.072560 -0.196720
-0.500000 0.034271 -0.248040
-0.500000 -0.116530 0.337630
-0.396670 0.009287 0.500000
-0.154330 0.210250 0.500000
-0.158640 -0.285520 0.500000
0.267700 -0.500000 -0.334770
0.243680 -0.500000 -0.450830
0.267320 -0.500000 -0.274960
0.500000 -0.364790 -0.119510
0.500000 -0.314950 -0.266710
0.500000 -0.393420 -0.109510
-0.429080 -0.500000 -0.256890
0.500000 0.407400 0.178920
0.500000 -0.205820 0.347200
0.500000 0.316270 0.137940
-0.500000 -0.040268 0.284560
-0.500000 -0.041380 0.312430
-0.500000 -0.016817 0.319760
-0.500000 -0.033488 0.304350
-0.500000 -0.049697 0.153410
-0.500000 -0.022361 0.297610
-0.500000 -0.078353 0.328770
-0.500000 -0.033772 0.295000
-0.500000 -0.012893 0.358970
-0.121570 0.233850 0.500000
-0.350930 0.231610 0.500000
-0.154940 0.221420 0.500000
-0.138950 0.218720 0.500000
-0.337350 0.500000 0.431440
-0.188470 0.097785 0.500000
-0.500000 -0.110140 0.361060
-0.147590 0.281210 0.500000
-0.191980 0.215340 0.500000
0.154400 0.202440 0.500000
0.129490 0.463050 0.500000
-0.241220 0.318840 -0.500000
-0.411310 -0.316470 -0.500000
-0.345950 -0.206030 -0.500000
-0.500000 0.034477 0.050758
-0.500000 0.185840 0.393220
-0.500000 -0.053247 -0.156280
-0.500000 0.284370 0.036170
-0.500000 0.206000 0.200420
-0.500000 0.071113 -0.147850
-0.500000 0.120130 0.148190
-0.304670 0.500000 0.067258
-0.108680 0.500000 0.451290
-0.176260 -0.109150 -0.500000
-0.136700 0.500000 -0.162520
0.399110 0.500000 -0.281220
-0.043199 0.500000 -0.406850
-0.106870 0.500000 0.452970
-0.350130 0.500000 -0.093344
0.500000 0.083488 -0.096218
0.448200 0.500000 0.182970
0.440410 0.500000 0.159140
0.500000 0.439520 0.112820
0.464240 0.500000 0.162530
0.449580 0.410650 0.500000
0.500000 0.481030 0.120450
0.500000 0.441780 0.184660
0.500000 0.450450 0.241110
0.476500 0.500000 0.179880
0.266230 -0.500000 -0.020847
-0.422890 -0.500000 -0.259900
0.245540 0.029367 0.500000
0.066240 0.158180 0.500000
0.381550 0.347330 0.500000
0.030176 -0.453760 0.500000
0.282490 -0.076955 0.500000
0.500000 0.032138 -0.129510
0.500000 0.127240 -0.377620
0.500000 0.123810 -0.375060
0.500000 0.131000 -0.374600
0.128410 0.500000 0.411040
0.123950 0.500000 0.431110
0.356230 0.431340 0.500000
-0.029807 0.461610 0.500000
-0.282210 -0.421360 -0.500000
-0.180100 -0.172930 -0.500000
0.174550 -0.500000 0.190930
0.255250 -0.500000 0.142850
-0.409170 -0.500000 -0.243710
-0.031925 -0.500000 0.336800
0.076976 -0.500000 -0.460090
0.500000 -0.234350 -0.090700
0.500000 0.017116 -0.127360
0.448450 -0.500000 -0.061541
0.363700 -0.500000 -0.365890
0.500000 -0.433580 0.203050
0.281820 0.500000 0.330600
-0.100540 0.500000 0.454450
0.286870 -0.130850 0.500000
0.224520 -0.500000 0.339970
0.025307 -0.483170 0.500000
0.500000 -0.206090 0.334390
0.406070 -0.149490 0.500000
0.500000 -0.103170 0.137850
0.340070 -0.500000 0.411960
0.500000 -0.217010 0.356560
0.458660 0.283710 0.500000
0.043434 -0.476060 0.500000
0.500000 -0.204430 0.367950
0.500000 -0.229990 0.343220
0.500000 -0.193890 0.353370
-0.500000 -0.060559 -0.190920
-0.500000 -0.161890 -0.209060
-0.500000 -0.071770 -0.205090
-0.500000 -0.059585 -0.196260
0.231110 0.079134 -0.500000
0.224400 -0.025102 -0.500000
0.500000 0.034089 -0.142580
0.373240 -0.054929 -0.500000
0.206990 0.116020 -0.500000
0.483250 0.070287 -0.500000
0.500000 -0.164670 -0.229810
-0.500000 0.436300 -0.079301
0.500000 0.053179 -0.119330
0.500000 0.388590 0.018684
0.443500 0.404140 0.500000
0.198290 0.500000 0.127750
-0.417640 -0.500000 -0.225910
-0.134870 -0.500000 0.392230
-0.500000 0.090972 -0.247610
-0.500000 0.386000 -0.235690
0.308740 0.500000 0.301490
0.423780 0.416930 0.500000
0.235610 0.500000 0.270820
-0.441210 -0.500000 -0.267480
-0.402320 0.500000 -0.019522
0.245480 -0.176220 -0.500000
0.077345 -0.129820 -0.500000
0.354820 -0.500000 0.134700
-0.357680 0.500000 -0.188020
-0.317060 0.500000 -0.425460
0.500000 0.024222 -0.136720
0.173460 -0.500000 -0.429030
0.479820 -0.180580 -0.500000
0.354970 -0.500000 -0.482620
-0.440940 -0.500000 -0.242500
-0.287800 -0.500000 0.308030
-0.109700 -0.246450 0.500000
0.500000 0.049452 -0.143320
0.500000 0.032764 -0.130680
0.368720 0.500000 0.160300
-0.435110 -0.500000 -0.261110
-0.500000 0.339500 0.123270
0.293830 -0.500000 0.243970
-0.500000 0.119930 -0.223350
-0.500000 0.041761 -0.272190
-0.500000 0.067286 -0.247140
-0.500000 0.098448 -0.281460
0.411340 -0.500000 -0.012327
-0.428090 -0.500000 -0.258200
0.359850 0.500000 0.139610
0.404690 0.500000 -0.274750
0.214360 -0.500000 -0.255010
-0.404030 -0.500000 -0.270670
0.068431 -0.500000 -0.484840
-0.496200 -0.350280 -0.500000
-0.317930 0.500000 -0.139780
-0.205300 0.500000 -0.087224
-0.500000 0.417800 -0.201530
-0.105190 0.500000 0.031230
-0.427040 -0.500000 -0.263840
-0.208540 -0.500000 -0.433410
-0.070549 -0.280990 -0.500000
-0.115610 0.500000 0.452160
0.352520 -0.500000 -0.304170
0.500000 -0.449360 0.219070
-0.424150 -0.500000 -0.254700
-0.095015 -0.500000 0.348310
0.500000 0.315530 -0.258640
0.500000 0.470780 -0.272290
-0.500000 -0.485130 -0.224000
-0.500000 -0.157820 0.293260
-0.428710 -0.500000 -0.267610
-0.099253 0.500000 0.464630
-0.243080 -0.409520 0.500000
0.015950 -0.486480 0.500000
-0.500000 -0.124920 0.358890
-0.384010 0.042229 -0.500000
0.491640 0.487950 -0.500000
0.151700 0.500000 -0.007021
-0.261180 0.500000 -0.401180
0.407920 0.500000 -0.274470
-0.095246 0.320490 -0.500000
-0.062904 0.500000 -0.497060
0.421340 0.500000 -0.320880
-0.119090 0.500000 -0.338950
-0.500000 0.412370 -0.284530
-0.263640 0.306140 -0.500000
-0.126450 0.473400 0.500000
0.262200 0.500000 0.146080
0.418560 0.500000 -0.278180
-0.110140 0.500000 0.464060
0.383700 0.500000 -0.256700
-0.042709 0.500000 -0.092739
0 2
0 6
0 7
0 22
0 23
0 32
1 2
1 3
1 7
1 12
1 16
1 17
1 18
1 19
1 21
1 22
1 23
1 28
1 29
1 33
1 34
2 9
2 11
2 18
2 20
2 22
2 23
2 29
2 31
2 32
3 12
3 17
3 27
3 28
3 33
3 34
4 5
4 7
4 12
4 14
4 16
4 25
4 26
4 27
4 30
5 6
5 7
5 26
6 7
6 9
6 10
6 11
6 22
6 26
6 29
6 32
7 12
7 14
7 16
7 22
7 23
7 26
7 29
7 30
8 15
8 18
8 20
8 31
8 33
9 10
9 11
9 14
9 15
9 18
9 20
9 22
9 26
9 29
10 13
10 14
10 15
10 18
10 21
10 26
10 29
11 20
11 22
11 32
12 14
12 16
12 17
12 19
12 21
12 25
12 27
12 29
12 30
12 34
13 14
13 15
13 21
13 24
14 15
14 21
14 24
14 25
14 26
14 29
15 18
15 24
16 19
16 23
16 29
16 30
17 21
17 27
17 28
17 29
18 20
18 28
18 29
18 31
18 33
19 23
19 27
19 30
19 34
20 31
21 24
21 25
21 27
21 29
22 23
22 29
22 32
23 30
23 34
24 25
25 26
25 27
26 29
27 30
27 34
28 29
28 33
30 34
31 33
33 34
0 35
0 36
0 37
0 38
0 39
0 40
0 41
0 42
0 43
0 44
34 45
1 46
15 47
3 48
12 49
17 50
27 51
34 52
34 53
2 54
11 55
20 56
31 57
32 58
3 59
5 60
25 61
32 62
34 63
2 64
3 65
3 66
3 67
3 68
3 69
3 70
3 71
4 72
4 73
4 74
4 75
5 76
6 77
26 78
13 79
21 80
24 81
13 82
21 83
24 84
25 85
8 86
15 87
18 88
5 89
5 90
5 91
5 92
5 93
5 94
5 95
5 96
5 97
6 98
6 99
6 100
6 101
6 102
6 103
6 104
6 105
6 106
9 107
11 108
34 109
25 110
27 111
7 112
7 113
7 114
7 115
7 116
7 117
7 118
23 119
32 120
27 121
23 122
33 123
34 124
32 125
23 126
8 127
8 128
8 129
8 130
8 131
8 132
8 133
8 134
8 135
8 136
24 137
25 138
9 139
9 140
9 141
9 142
10 143
10 144
17 145
21 146
28 147
11 148
11 149
11 150
11 151
25 152
27 153
14 154
24 155
25 156
26 157
12 158
13 159
13 160
13 161
13 162
13 163
20 164
32 165
14 166
14 167
14 168
15 169
15 170
15 171
15 172
15 173
15 174
15 175
15 176
15 177
15 178
16 179
25 180
27 181
30 182
17 183
17 184
17 185
17 186
17 187
17 188
21 189
23 190
18 191
18 192
18 193
18 194
25 195
26 196
19 197
19 198
20 199
20 200
20 201
25 202
23 203
21 204
27 205
24 206
23 207
34 208
21 209
21 210
21 211
21 212
25 213
26 214
26 215
28 216
29 217
31 218
25 219
23 220
24 221
23 222
27 223
30 224
34 225
24 226
25 227
31 228
33 229
24 230
25 231
27 232
25 233
23 234
23 235
23 236
23 237
25 238
25 239
27 240
32 241
24 242
24 243
25 244
26 245
28 246
33 247
25 248
25 249
25 250
32 251
26 252
26 253
26 254
27 255
28 256
28 257
34 258
33 259
34 260
34 261
33 262
34 263
34 264
34 265
32 266
31 267
33 268
32 269
33 270
34 271
0.500000
