275 394 0
0.435050 0.000089 -0.194860
-0.330060 0.203660 -0.347180
0.368410 0.287450 0.489410
-0.235550 0.187010 -0.127600
-0.310930 0.062276 -0.188940
0.158970 -0.140790 0.187350
-0.069076 0.221110 0.059986
-0.064402 -0.209280 -0.189140
0.232770 -0.099242 0.213740
-0.482670 0.004489 0.352800
-0.430820 0.088030 -0.493080
0.325520 0.397120 -0.301050
0.226140 -0.439850 -0.207240
-0.360010 0.050536 -0.341180
0.189430 0.063086 0.471130
0.229100 -0.410290 -0.252310
-0.048003 0.266040 -0.089141
0.128880 -0.128150 -0.174570
-0.059455 0.028064 -0.288280
0.156030 -0.466660 0.032927
-0.369610 0.179360 -0.489620
-0.013015 -0.223960 -0.211830
-0.384780 0.359490 0.367050
-0.329080 0.181240 -0.302360
-0.186340 0.217940 0.431810
-0.079139 0.394960 0.279330
0.082609 0.261890 -0.223510
0.127260 -0.229060 -0.151680
-0.401980 -0.483270 0.426410
0.202680 -0.228850 -0.247660
-0.409040 -0.253270 -0.091792
0.291540 -0.143730 -0.396390
0.153160 0.093692 0.033997
0.169700 -0.211340 0.129190
-0.196790 0.215220 0.002665
-0.452400 0.338980 -0.210100
-0.256120 0.353710 -0.344820
0.500000 -0.369290 -0.199130
0.500000 -0.410400 -0.199790
0.500000 -0.409650 -0.200940
0.500000 -0.410790 -0.194900
0.500000 -0.406260 -0.198700
0.500000 -0.405420 -0.200720
0.500000 -0.400880 -0.206070
0.500000 -0.405470 -0.192680
-0.500000 0.377330 -0.193270
0.500000 0.018671 -0.158950
0.500000 -0.118430 0.007390
0.500000 0.067148 -0.219840
0.500000 0.019186 0.071188
0.500000 0.266990 -0.029474
0.500000 -0.025687 -0.272530
-0.265880 0.197670 -0.500000
-0.282630 0.211130 -0.500000
-0.500000 0.125950 -0.138300
-0.500000 0.016565 0.330690
-0.500000 0.106590 -0.251500
-0.500000 0.323390 0.250450
-0.500000 -0.142310 -0.083759
-0.500000 0.221720 -0.027108
-0.500000 0.323980 -0.189350
-0.407620 -0.500000 0.450820
-0.386080 -0.500000 -0.191400
-0.379610 -0.500000 -0.193560
-0.407960 -0.500000 0.201270
-0.417410 -0.500000 -0.181060
-0.438440 0.073462 -0.500000
0.364790 0.270150 0.500000
0.500000 0.394210 0.425440
0.365850 0.302940 0.500000
0.357580 0.291520 0.500000
0.374820 0.271740 0.500000
0.493120 0.500000 0.479750
0.500000 0.240320 0.499030
0.372940 0.291500 0.500000
0.500000 0.123630 0.396890
0.346430 0.500000 0.405580
0.314110 0.500000 0.482190
0.500000 0.381320 0.144490
0.347440 0.270560 0.500000
0.285910 0.500000 0.236090
0.500000 0.269970 0.484670
0.072598 0.500000 0.479980
-0.500000 0.349560 -0.205000
0.500000 -0.493880 0.206370
-0.430470 -0.500000 0.432730
0.281650 -0.299120 0.500000
0.283850 -0.297210 0.500000
0.260370 -0.207690 0.500000
0.282890 -0.307840 0.500000
0.282560 -0.301820 0.500000
-0.039225 -0.178940 -0.500000
-0.415230 0.078415 -0.500000
-0.199750 -0.051232 -0.500000
0.079350 -0.264120 -0.500000
-0.040610 -0.076577 -0.500000
-0.020640 -0.185280 -0.500000
0.067463 -0.189220 -0.500000
0.172870 -0.150600 -0.500000
-0.358250 0.500000 0.026395
-0.500000 0.017992 -0.266970
-0.233400 -0.500000 0.413920
0.087425 -0.319560 0.500000
0.105690 -0.001815 0.500000
0.014704 -0.500000 0.160930
-0.387540 -0.500000 0.432930
-0.214560 -0.500000 0.391890
0.207070 -0.500000 -0.136730
0.152340 -0.500000 0.048714
-0.353520 0.500000 0.030888
0.211360 0.500000 0.154260
-0.500000 -0.309860 -0.327490
-0.500000 -0.152160 -0.404940
-0.500000 -0.225240 -0.342490
-0.500000 -0.297460 -0.255420
0.345800 -0.156680 -0.500000
-0.060955 -0.500000 -0.057998
0.151130 -0.500000 -0.294620
-0.067549 -0.500000 -0.320280
-0.500000 0.248540 -0.477830
-0.500000 0.353520 -0.231000
0.500000 -0.206270 0.202120
0.500000 0.011115 0.321750
-0.500000 0.470460 0.320370
-0.438660 0.086179 -0.500000
-0.369570 0.201130 -0.500000
-0.292570 0.500000 -0.488450
-0.433570 0.265670 0.500000
-0.500000 0.041730 0.478280
-0.500000 -0.018650 0.344440
-0.494380 -0.115550 0.500000
-0.239960 -0.189490 0.500000
-0.500000 -0.001975 0.366010
-0.186060 0.032302 0.500000
-0.500000 0.032938 0.341240
0.385200 -0.500000 -0.341370
0.417360 -0.500000 -0.385360
0.500000 -0.490740 -0.460180
-0.500000 0.087392 -0.490860
-0.420010 0.093121 -0.500000
-0.451140 0.092302 -0.500000
-0.420520 0.095222 -0.500000
-0.500000 0.061801 -0.474210
-0.500000 0.070842 -0.494730
-0.435810 0.093966 -0.500000
0.202900 0.047903 0.500000
0.500000 -0.266800 0.174130
0.500000 -0.227880 0.188390
-0.500000 0.313300 -0.236940
0.391720 0.259560 -0.500000
0.374270 0.500000 -0.195010
0.148240 0.500000 -0.256600
0.500000 0.296250 -0.286450
0.006774 0.275090 -0.500000
0.444270 0.500000 -0.249480
0.353960 0.500000 -0.377970
0.487060 0.500000 -0.468380
0.265740 0.500000 -0.221260
0.390720 0.500000 -0.284300
0.500000 0.404010 -0.001537
0.322080 0.500000 -0.174000
0.238720 0.500000 -0.373400
0.500000 0.462950 -0.321030
0.383430 0.500000 -0.474470
0.285800 0.500000 0.010400
0.219580 0.492110 -0.500000
0.109880 -0.500000 0.097696
-0.026558 -0.500000 0.335540
-0.398570 0.389610 0.500000
-0.287770 0.305240 0.500000
-0.233050 0.215120 0.500000
0.122500 -0.500000 -0.135830
0.104310 -0.500000 0.022564
-0.046771 -0.500000 -0.066115
-0.355210 -0.500000 0.366730
-0.164500 -0.500000 -0.034747
0.001802 -0.500000 0.027096
-0.345580 0.438030 0.500000
-0.292690 0.385010 0.500000
-0.307630 0.448020 0.500000
0.342510 -0.096133 -0.500000
0.219580 -0.500000 -0.267080
0.272330 -0.500000 -0.161520
0.270790 -0.500000 -0.220430
0.183340 -0.500000 -0.224150
-0.278470 0.127260 -0.500000
-0.500000 0.017825 -0.357180
0.500000 0.043434 0.371050
0.170500 0.062098 0.500000
-0.011121 0.500000 0.475170
-0.477710 -0.500000 0.384950
-0.500000 -0.313310 -0.052867
0.219380 -0.500000 -0.323380
0.211160 -0.500000 -0.459870
0.169210 -0.500000 -0.265840
-0.351430 0.500000 0.026382
-0.183870 0.500000 -0.107810
-0.226130 0.500000 0.109830
-0.029653 0.500000 -0.015290
0.206870 0.500000 0.123680
-0.163120 0.251330 0.500000
-0.362400 0.500000 0.047250
-0.342330 0.500000 0.046782
-0.356970 0.500000 0.029395
-0.365280 0.500000 0.019365
-0.356060 0.500000 0.011739
-0.283260 0.078323 0.500000
-0.435410 -0.406980 0.500000
-0.150970 0.128450 -0.500000
0.077023 -0.432130 0.500000
0.189180 -0.500000 0.040001
-0.358150 0.180290 -0.500000
-0.403260 0.179990 -0.500000
-0.385800 0.189530 -0.500000
-0.359560 0.182420 -0.500000
-0.378660 0.185770 -0.500000
-0.027564 -0.500000 -0.259210
-0.500000 0.404580 -0.209870
-0.113390 0.500000 -0.181860
-0.416850 0.500000 -0.181910
-0.288440 0.500000 -0.273240
-0.500000 0.215250 0.426640
-0.338410 0.500000 0.269060
-0.500000 0.374910 0.472820
-0.468250 0.500000 0.435830
-0.500000 0.403290 0.304590
-0.400970 -0.500000 0.433010
0.500000 0.068918 -0.323970
-0.268560 -0.464260 0.500000
0.086603 -0.352750 0.500000
-0.113570 0.215170 -0.500000
0.073931 0.002320 -0.500000
-0.231040 0.267390 -0.500000
-0.500000 -0.442220 0.471710
-0.095301 0.163710 0.500000
-0.084676 0.500000 0.465330
-0.500000 -0.372770 0.462770
-0.192970 0.500000 0.237890
-0.063066 0.500000 0.250230
0.195110 0.500000 0.347440
-0.007489 0.500000 0.303800
0.021843 0.184720 0.500000
0.148980 0.500000 0.208440
-0.064679 0.500000 0.385380
0.055838 0.500000 -0.102170
0.500000 0.394630 0.035371
0.032929 0.500000 -0.383530
0.231660 0.500000 0.099721
0.066989 0.439390 -0.500000
-0.456110 0.500000 -0.191580
-0.327490 0.500000 -0.280810
-0.500000 0.323550 -0.256290
0.500000 0.048067 0.297600
-0.500000 0.355060 -0.283390
-0.458070 0.393020 -0.500000
-0.428410 -0.500000 0.405260
-0.420550 -0.500000 0.432270
-0.402580 -0.500000 0.413810
-0.500000 -0.431590 0.463040
-0.396840 -0.500000 0.396790
-0.250540 0.275660 -0.500000
-0.500000 -0.206900 -0.161170
-0.500000 -0.312750 -0.120430
-0.500000 0.285680 -0.234810
-0.500000 0.293320 -0.248660
0.265690 -0.262700 -0.500000
-0.500000 0.466710 -0.236910
-0.370380 0.500000 -0.336550
0.500000 0.377770 0.054282
-0.187230 0.500000 -0.424590
0.500000 -0.123600 -0.454530
0.240000 -0.119560 -0.500000
0.252120 0.500000 0.156240
-0.500000 0.363520 -0.160490
-0.156630 0.448780 -0.500000
0 8
0 11
0 17
0 26
0 27
0 29
0 31
0 32
0 33
1 10
1 13
1 18
1 20
1 23
1 35
1 36
2 8
2 14
2 25
2 32
3 4
3 6
3 7
3 16
3 18
3 23
3 26
3 34
3 35
3 36
4 7
4 9
4 13
4 18
4 23
4 30
4 34
4 35
5 6
5 7
5 8
5 9
5 14
5 17
5 24
5 28
5 30
5 32
5 33
5 34
6 7
6 9
6 14
6 16
6 18
6 24
6 25
6 32
6 34
7 13
7 17
7 18
7 19
7 21
7 27
7 30
7 32
7 33
7 34
8 14
8 32
8 33
9 22
9 24
9 28
9 30
9 34
10 13
10 20
10 23
10 35
11 26
11 31
11 32
12 15
12 19
12 21
12 27
12 29
12 33
13 18
13 20
13 23
13 30
13 35
14 24
14 25
14 32
15 21
15 27
15 29
15 31
16 18
16 25
16 26
16 32
16 34
16 36
17 18
17 21
17 26
17 27
17 29
17 31
17 32
17 33
18 20
18 21
18 23
18 26
18 29
18 31
18 32
18 34
18 36
19 21
19 27
19 33
20 35
20 36
21 27
21 29
21 31
22 24
22 25
22 34
23 35
23 36
24 25
24 34
25 32
25 34
26 31
26 32
26 36
27 29
27 33
28 30
28 33
29 31
29 33
30 33
30 34
32 33
34 35
35 36
0 37
12 38
15 39
19 40
27 41
29 42
31 43
33 44
35 45
0 46
0 47
0 48
0 49
0 50
0 51
1 52
1 53
4 54
9 55
13 56
22 57
30 58
34 59
35 60
28 61
7 62
21 63
28 64
30 65
10 66
2 67
2 68
2 69
2 70
2 71
2 72
2 73
2 74
2 75
2 76
2 77
2 78
2 79
2 80
2 81
2 82
35 83
19 84
28 85
5 86
8 87
14 88
19 89
33 90
7 91
10 92
13 93
15 94
18 95
21 96
29 97
31 98
3 99
4 100
5 101
5 102
5 103
19 104
28 105
33 106
12 107
19 108
6 109
6 110
7 111
10 112
13 113
30 114
31 115
7 116
15 117
21 118
20 119
35 120
8 121
8 122
22 123
10 124
20 125
36 126
9 127
9 128
9 129
9 130
9 131
9 132
9 133
9 134
12 135
15 136
31 137
10 138
10 139
10 140
10 141
10 142
10 143
10 144
14 145
19 146
33 147
35 148
11 149
11 150
11 151
11 152
11 153
11 154
11 155
11 156
11 157
11 158
11 159
11 160
11 161
11 162
11 163
11 164
11 165
19 166
33 167
22 168
24 169
24 170
12 171
19 172
21 173
28 174
30 175
33 176
22 177
24 178
25 179
31 180
12 181
12 182
12 183
12 184
13 185
13 186
14 187
14 188
14 189
28 190
30 191
15 192
15 193
15 194
16 195
16 196
16 197
16 198
16 199
24 200
22 201
25 202
34 203
35 204
36 205
24 206
28 207
18 208
19 209
19 210
20 211
20 212
20 213
20 214
20 215
21 216
35 217
26 218
35 219
36 220
22 221
22 222
22 223
22 224
22 225
28 226
31 227
28 228
33 229
26 230
31 231
36 232
28 233
24 234
24 235
28 236
25 237
25 238
25 239
25 240
25 241
25 242
25 243
26 244
26 245
26 246
26 247
26 248
35 249
36 250
35 251
32 252
35 253
36 254
28 255
28 256
28 257
28 258
28 259
36 260
30 261
30 262
35 263
35 264
31 265
35 266
36 267
32 268
36 269
31 270
31 271
32 272
35 273
36 274
0.500000
