280 385 0
0.158290 -0.298510 0.403530
0.180230 -0.073169 -0.329150
-0.143500 -0.455170 0.329820
0.236760 -0.271950 -0.145640
-0.045324 -0.333660 0.080440
-0.338170 -0.467990 -0.448690
-0.062119 -0.080381 0.423140
0.185590 -0.498310 -0.472100
-0.334310 -0.207240 -0.107220
-0.490390 0.144220 0.185800
-0.382960 -0.062510 0.040010
0.003505 0.303810 0.240700
-0.227840 -0.349990 -0.274950
-0.005314 0.347600 0.020683
-0.332030 0.480580 0.070054
-0.253630 -0.153970 -0.249420
-0.340950 -0.315580 -0.038243
0.150030 -0.155150 0.082893
-0.235920 -0.328370 -0.114220
0.320690 -0.144090 -0.373370
0.063733 0.303340 -0.101860
-0.315180 -0.272430 0.271050
0.301550 -0.196210 0.205470
-0.499970 0.268850 -0.088144
0.170990 -0.312690 0.485190
0.123450 -0.438480 0.084037
-0.424840 0.158900 -0.497620
0.094335 -0.374880 -0.162830
0.021537 0.098278 -0.087005
-0.121730 0.100010 0.105250
0.270600 0.029919 0.205570
-0.472790 -0.435800 0.140090
-0.425020 -0.374400 -0.126520
-0.418010 0.168680 0.120860
0.097929 -0.487130 0.500000
-0.049095 -0.500000 0.336880
0.500000 -0.412790 0.303230
-0.051393 -0.370410 0.500000
0.163850 -0.500000 0.403990
0.333370 -0.500000 0.288060
-0.500000 -0.178530 0.083982
-0.500000 0.104200 0.182380
-0.500000 -0.129780 0.116560
-0.500000 -0.210350 0.101800
-0.500000 -0.194660 0.188350
-0.500000 0.268680 -0.088046
-0.500000 -0.356690 0.145710
-0.500000 -0.263570 0.026335
0.080813 -0.500000 0.064586
0.022612 -0.500000 -0.147700
0.363580 -0.500000 -0.372840
0.194920 -0.500000 -0.469000
0.377060 -0.500000 -0.403720
0.290420 -0.500000 -0.232300
0.321010 -0.500000 -0.354640
0.160670 -0.013949 -0.500000
0.500000 -0.179590 -0.046905
0.500000 0.192120 -0.270000
0.264630 -0.226560 -0.500000
0.229170 -0.104040 -0.500000
0.268760 0.025168 -0.500000
0.431000 0.045027 -0.500000
0.500000 0.456520 -0.279550
-0.264640 -0.500000 0.340340
-0.201360 -0.500000 0.367780
-0.122940 -0.500000 0.325380
-0.248810 -0.500000 0.268980
-0.162460 -0.421280 0.500000
-0.500000 -0.447630 0.136240
0.500000 -0.072713 0.242720
0.500000 -0.082927 0.330890
0.500000 0.017888 0.244900
0.500000 -0.189030 -0.039899
0.277480 -0.258290 -0.500000
0.500000 -0.250500 -0.216190
0.375790 -0.500000 0.052318
0.014437 -0.105030 -0.500000
0.014995 -0.031431 -0.500000
0.127080 0.093358 -0.500000
-0.413960 0.156420 -0.500000
0.117950 0.044571 -0.500000
0.134800 0.500000 0.414110
0.059493 0.498670 0.500000
0.500000 -0.183270 -0.029376
0.500000 -0.181410 -0.059541
0.500000 -0.185240 -0.017671
0.500000 -0.193900 -0.029651
0.500000 -0.171640 -0.019742
-0.206680 -0.500000 -0.006169
-0.087571 -0.500000 0.265300
-0.278950 -0.500000 0.202310
0.500000 -0.203380 0.162880
0.500000 -0.143530 0.161140
-0.308320 -0.481560 -0.500000
-0.373350 -0.442560 -0.500000
-0.322740 -0.454300 -0.500000
-0.500000 -0.449120 -0.337720
-0.500000 -0.129580 -0.467140
-0.279860 -0.460800 -0.500000
-0.384680 -0.500000 -0.357080
-0.299370 -0.447530 -0.500000
-0.500000 -0.422260 -0.367810
-0.325950 -0.500000 -0.451680
-0.406830 -0.500000 -0.490510
-0.500000 -0.409870 -0.493930
-0.381120 -0.500000 -0.429770
-0.305510 -0.500000 -0.465070
0.001513 -0.079122 0.500000
-0.265300 0.352360 0.500000
-0.500000 0.083435 0.372810
-0.175420 0.098899 0.500000
0.201750 0.036715 0.500000
-0.031282 -0.105620 0.500000
-0.124650 -0.274520 0.500000
-0.088188 -0.044031 0.500000
-0.102030 -0.100120 0.500000
-0.433170 -0.378740 0.500000
-0.335170 0.500000 0.036138
0.178610 -0.318520 0.500000
-0.500000 0.145970 0.183760
-0.500000 0.268850 -0.088134
-0.098741 0.500000 0.287340
-0.500000 0.432610 -0.181020
-0.500000 0.268910 -0.088219
-0.500000 0.295430 -0.380360
0.228830 -0.389360 -0.500000
0.184600 -0.500000 -0.472140
0.187790 -0.500000 -0.480610
0.172280 -0.491360 -0.500000
0.183490 -0.500000 -0.472910
0.186080 -0.500000 -0.472310
0.500000 -0.072403 0.148320
0.154460 -0.334860 0.500000
0.500000 0.109970 -0.300760
0.500000 0.307010 -0.209580
0.500000 0.260700 -0.208580
0.500000 0.202770 -0.073773
-0.500000 -0.252880 -0.106210
-0.500000 -0.292210 -0.197240
-0.500000 -0.096689 -0.190820
-0.500000 0.164830 0.185880
-0.500000 0.418080 0.142960
-0.500000 0.268880 -0.088073
-0.500000 0.263840 0.150390
0.154510 -0.358110 0.500000
0.196340 0.500000 0.180040
0.187380 0.500000 0.144350
-0.120030 0.500000 0.107980
0.204800 0.500000 0.132270
0.230370 0.500000 0.172440
-0.426170 0.156610 -0.500000
0.141860 0.171700 0.500000
0.177780 -0.305420 0.500000
0.318600 -0.008717 0.500000
-0.500000 0.133390 0.226840
-0.500000 0.181040 0.218430
-0.500000 0.139160 0.191680
-0.500000 0.140440 0.165630
-0.500000 0.147700 0.186700
-0.423620 0.156430 -0.500000
-0.220870 0.500000 0.258200
-0.338900 0.500000 0.093232
-0.267660 0.360350 0.500000
-0.269420 0.361080 0.500000
-0.268650 0.359700 0.500000
-0.269780 0.359930 0.500000
-0.500000 -0.424940 0.139250
-0.500000 -0.365970 -0.057223
-0.500000 -0.139040 -0.000431
-0.500000 0.060817 0.296150
-0.500000 -0.023004 -0.078082
0.449620 0.273910 0.500000
0.243050 0.500000 0.397450
-0.085850 0.249240 0.500000
-0.500000 -0.366690 -0.122100
0.214720 -0.269160 -0.500000
0.289680 -0.233150 -0.500000
0.264290 -0.267760 -0.500000
-0.386360 -0.500000 0.337430
-0.433480 -0.500000 0.258410
0.277210 0.500000 -0.150690
-0.500000 -0.435560 0.070644
-0.500000 -0.396770 -0.173010
-0.310130 -0.500000 -0.221480
-0.321870 -0.500000 -0.122350
0.009577 -0.500000 0.040347
-0.087684 -0.500000 -0.153090
-0.466980 -0.500000 0.083271
-0.132390 -0.500000 -0.349250
0.106000 -0.500000 -0.023722
0.074190 -0.500000 -0.265320
0.131870 -0.175070 -0.500000
-0.109160 -0.381860 -0.500000
-0.402790 -0.500000 -0.205540
-0.500000 -0.366280 -0.281910
-0.233200 -0.500000 -0.354530
-0.169330 -0.500000 -0.398140
-0.221220 0.300440 -0.500000
-0.423820 0.160770 -0.500000
-0.500000 0.039681 0.354040
-0.500000 0.096220 0.347660
-0.500000 0.116900 0.297340
-0.004386 0.500000 0.026794
-0.064943 0.500000 -0.124090
0.500000 -0.025489 0.089267
0.435720 -0.500000 0.355030
-0.362100 0.500000 -0.035199
-0.500000 0.243360 0.246310
-0.324720 0.500000 0.065510
-0.316550 0.500000 0.068767
-0.353400 0.500000 0.073010
-0.292460 0.500000 0.021433
-0.330610 0.500000 0.065272
-0.356920 0.500000 0.074000
-0.500000 0.458420 -0.033278
-0.500000 0.005266 -0.415040
-0.500000 0.268800 -0.088252
-0.500000 0.117280 -0.488770
0.276360 -0.127280 -0.500000
0.500000 0.151730 0.440930
-0.115670 -0.280280 -0.500000
-0.441880 -0.500000 -0.141090
-0.411750 -0.500000 -0.159610
-0.474630 -0.500000 -0.019393
-0.459240 -0.500000 -0.159650
-0.155040 -0.206050 -0.500000
-0.500000 -0.287460 -0.271460
-0.500000 -0.261110 -0.418060
-0.500000 -0.045743 -0.277820
-0.093549 -0.090147 -0.500000
0.062528 0.500000 -0.166370
0.500000 -0.207630 -0.288900
-0.462560 0.500000 -0.428110
-0.326290 -0.500000 0.186760
-0.422310 0.156240 -0.500000
0.491790 -0.342570 0.500000
0.219230 -0.322850 0.500000
0.418020 -0.178610 -0.500000
-0.500000 0.219250 0.241320
-0.309980 -0.500000 0.172410
0.300830 -0.001126 -0.500000
0.433850 0.041202 -0.500000
0.366930 0.283300 -0.500000
0.268890 0.079256 -0.500000
-0.048252 0.500000 -0.177200
0.433670 0.051592 -0.500000
0.500000 0.459850 -0.278110
-0.043376 -0.500000 0.354960
-0.000322 -0.500000 0.214890
-0.426040 0.158280 -0.500000
-0.322700 -0.500000 0.231260
-0.196400 -0.384250 0.500000
-0.481410 -0.416970 0.500000
-0.500000 -0.374920 -0.176680
-0.026507 -0.500000 -0.274350
0.500000 -0.389810 0.279360
0.500000 -0.413760 0.311610
0.500000 -0.425970 0.274570
-0.216490 0.500000 -0.177050
-0.500000 0.268830 -0.088169
-0.500000 0.268880 -0.088149
-0.500000 0.268850 -0.088121
0.169360 -0.309840 0.500000
0.097783 -0.333800 0.500000
0.172420 -0.500000 0.460820
0.333540 -0.500000 0.329920
0.192180 -0.312530 0.500000
-0.171050 -0.500000 0.177310
0.155120 -0.500000 0.089798
0.130000 -0.500000 0.124260
0.219660 -0.500000 0.114170
0.151840 -0.500000 -0.051450
-0.373220 -0.500000 0.197270
-0.171250 0.500000 -0.274390
-0.431720 0.159310 -0.500000
-0.420750 0.157560 -0.500000
-0.500000 -0.435940 0.143630
0.151980 -0.500000 -0.290450
-0.484740 -0.500000 0.143900
-0.489400 -0.424760 0.500000
0 2
0 4
0 6
0 17
0 22
0 24
0 25
0 30
1 3
1 7
1 12
1 15
1 17
1 19
1 20
1 27
1 28
1 30
2 4
2 6
2 21
2 24
2 25
3 7
3 17
3 19
3 22
3 25
3 27
3 28
4 6
4 8
4 10
4 15
4 16
4 17
4 18
4 21
4 25
4 27
4 28
4 29
5 7
5 12
5 15
5 26
5 32
6 9
6 11
6 17
6 21
6 22
6 24
6 29
6 30
7 12
7 27
8 10
8 12
8 15
8 16
8 18
8 28
8 29
8 32
9 10
9 21
9 23
9 29
9 33
10 15
10 16
10 21
10 23
10 28
10 29
10 33
11 13
11 14
11 28
11 29
11 30
11 33
12 15
12 18
12 27
12 32
13 14
13 20
13 23
13 28
13 29
13 30
14 23
14 29
14 33
15 18
15 23
15 26
15 27
15 28
15 29
15 32
16 18
16 21
16 31
16 32
17 22
17 25
17 27
17 28
17 29
17 30
18 25
18 27
18 32
19 27
20 23
20 26
20 28
20 30
21 29
21 31
22 24
22 25
22 30
23 26
23 28
23 29
23 33
24 30
25 27
26 28
27 28
28 29
28 30
29 30
29 33
31 32
0 34
0 35
0 36
0 37
0 38
0 39
8 40
9 41
10 42
16 43
21 44
23 45
31 46
32 47
25 48
27 49
3 50
7 51
19 52
25 53
27 54
1 55
1 56
1 57
1 58
1 59
1 60
1 61
1 62
2 63
2 64
2 65
2 66
2 67
31 68
22 69
24 70
30 71
3 72
3 73
3 74
3 75
12 76
15 77
20 78
26 79
28 80
11 81
11 82
17 83
19 84
22 85
25 86
30 87
4 88
4 89
4 90
22 91
30 92
5 93
5 94
5 95
5 96
5 97
5 98
5 99
5 100
5 101
5 102
5 103
5 104
5 105
5 106
6 107
6 108
6 109
6 110
6 111
6 112
6 113
6 114
6 115
6 116
14 117
24 118
9 119
23 120
11 121
14 122
23 123
26 124
7 125
7 126
7 127
7 128
7 129
7 130
30 131
24 132
19 133
20 134
28 135
30 136
8 137
8 138
8 139
9 140
14 141
23 142
33 143
24 144
11 145
13 146
14 147
20 148
30 149
26 150
11 151
24 152
30 153
9 154
9 155
9 156
9 157
9 158
26 159
11 160
14 161
11 162
14 163
29 164
33 165
31 166
32 167
10 168
10 169
10 170
11 171
11 172
11 173
32 174
12 175
19 176
27 177
21 178
31 179
20 180
31 181
32 182
12 183
18 184
25 185
27 186
31 187
12 188
25 189
27 190
12 191
12 192
12 193
12 194
12 195
12 196
20 197
26 198
21 199
29 200
33 201
13 202
13 203
30 204
24 205
14 206
14 207
14 208
14 209
14 210
14 211
14 212
14 213
14 214
15 215
23 216
26 217
19 218
30 219
15 220
16 221
18 222
31 223
32 224
15 225
15 226
15 227
15 228
15 229
20 230
19 231
26 232
16 233
26 234
22 235
24 236
19 237
33 238
18 239
19 240
19 241
20 242
20 243
20 244
20 245
20 246
24 247
25 248
26 249
21 250
21 251
21 252
32 253
27 254
22 255
24 256
25 257
23 258
23 259
23 260
23 261
24 262
24 263
24 264
24 265
24 266
25 267
25 268
25 269
25 270
25 271
31 272
26 273
26 274
26 275
31 276
27 277
31 278
31 279
0.500000
