300 413 0
-0.473040 -0.111820 -0.052157
-0.401010 -0.482960 0.118030
0.059789 -0.495530 -0.067319
0.290070 0.015950 0.197800
-0.006523 -0.480450 0.475500
0.169580 0.231340 0.323360
0.330940 0.423030 0.035661
0.106280 -0.023550 -0.476160
-0.399450 -0.173640 -0.498780
0.001333 0.169100 0.056851
0.473230 0.172630 -0.312080
-0.144580 -0.137050 -0.001178
-0.130770 -0.234360 0.343600
0.437830 -0.449890 -0.413070
-0.359300 -0.448550 0.175000
-0.265930 0.400290 -0.478710
-0.080379 -0.431770 -0.039986
0.167740 0.472790 0.249210
0.306200 0.437510 0.001344
-0.020395 -0.433540 -0.412340
-0.047022 -0.398480 -0.107360
-0.328580 0.156690 0.243280
0.273040 -0.343740 -0.405360
0.370280 0.060460 -0.426910
-0.073987 0.152410 -0.160190
0.369370 -0.363840 0.481370
-0.022968 0.491640 0.359780
-0.468570 -0.025037 -0.149530
-0.191580 0.142120 -0.099632
0.110770 -0.218800 -0.285970
-0.043864 0.118920 0.331110
0.200620 -0.227140 -0.252170
-0.332670 0.096162 -0.325660
-0.198480 -0.075225 0.254100
0.341670 0.390250 0.302890
0.338530 -0.422750 -0.304270
0.085221 -0.276850 0.482940
-0.396220 -0.446040 -0.481530
-0.385550 -0.484610 -0.500000
-0.485270 0.212100 0.500000
0.057951 -0.500000 -0.076585
-0.023836 -0.500000 -0.128120
0.005310 -0.500000 -0.312450
0.000164 -0.500000 -0.171590
0.102710 -0.500000 -0.270320
0.046010 -0.500000 -0.227120
0.063874 -0.500000 -0.220880
0.172540 -0.500000 -0.255210
-0.500000 -0.085824 -0.036326
-0.500000 -0.115100 -0.057178
-0.500000 -0.129160 0.009052
-0.500000 -0.158440 -0.072505
0.474700 -0.479520 -0.500000
0.368680 -0.411570 -0.500000
-0.018278 -0.463290 0.500000
0.052920 -0.315080 0.500000
-0.500000 -0.495460 0.139680
0.418870 -0.474250 -0.500000
-0.148890 -0.138740 0.500000
-0.258390 0.097792 0.500000
-0.075697 0.339160 0.500000
-0.095489 0.086783 0.500000
-0.190550 -0.024632 0.500000
0.067399 -0.500000 -0.067496
0.456210 -0.500000 -0.364010
0.385600 -0.500000 -0.257030
-0.500000 0.154460 0.187740
-0.500000 -0.005058 -0.120340
-0.500000 0.147210 0.015924
0.021364 -0.498550 0.500000
0.337920 -0.394850 0.500000
0.093633 -0.317100 0.500000
-0.395580 0.370880 -0.500000
0.000136 -0.496980 0.500000
-0.500000 -0.464650 -0.047118
-0.379140 -0.500000 0.103430
-0.500000 -0.480410 0.170910
-0.393790 -0.500000 0.114100
-0.500000 -0.373780 0.204580
-0.403050 -0.500000 0.113590
-0.500000 -0.406570 -0.014521
-0.406080 -0.500000 0.116070
0.063341 -0.500000 -0.068215
0.063676 -0.500000 -0.065757
0.056154 -0.500000 -0.067470
0.059801 -0.500000 -0.061271
0.113200 -0.500000 -0.017031
0.067394 -0.500000 -0.066395
0.079596 -0.500000 -0.064264
0.083911 -0.500000 -0.103420
0.500000 -0.296130 0.019087
0.500000 0.109740 0.319160
0.500000 -0.040410 0.294360
0.402440 -0.500000 0.257510
0.478640 -0.103970 0.500000
0.500000 -0.168640 0.087950
0.500000 -0.206210 0.285680
0.500000 0.117630 0.324880
0.500000 0.131410 0.308800
0.500000 0.130060 0.151950
0.500000 0.130560 0.323620
-0.015661 -0.500000 0.428190
-0.003393 -0.500000 0.475790
-0.063436 -0.425290 0.500000
-0.050744 -0.500000 0.478020
0.176710 -0.500000 0.380360
-0.019083 -0.500000 0.462350
-0.410210 -0.452760 -0.500000
0.310090 0.435110 0.500000
0.113540 0.160060 0.500000
0.240810 0.201390 0.500000
0.470230 -0.092760 0.500000
0.173040 0.273770 0.500000
0.433660 0.500000 -0.033702
0.500000 0.479300 0.162370
0.241260 0.500000 0.042478
0.344140 0.500000 0.094853
0.500000 0.380750 0.080065
0.500000 0.358360 -0.213380
0.409940 0.500000 -0.045153
0.432110 -0.500000 -0.384110
0.346090 -0.500000 -0.279530
0.007236 -0.023498 -0.500000
0.085732 -0.013721 -0.500000
0.056874 -0.052362 -0.500000
0.144930 -0.061716 -0.500000
0.066548 0.089192 -0.500000
0.023199 -0.114420 -0.500000
0.139810 -0.008742 -0.500000
-0.500000 -0.307070 -0.362360
-0.400330 -0.172100 -0.500000
-0.399120 -0.174350 -0.500000
-0.500000 -0.165390 -0.384310
-0.395240 -0.177030 -0.500000
-0.401600 -0.173800 -0.500000
-0.500000 -0.252340 -0.321920
0.500000 0.468170 0.241720
0.500000 -0.438980 -0.414300
0.104170 0.500000 0.052052
-0.206210 0.500000 0.089664
0.267940 0.500000 0.409920
0.065982 0.500000 0.409340
0.365160 0.488460 0.500000
-0.287690 -0.286840 0.500000
-0.500000 -0.442670 -0.184970
-0.500000 -0.436610 -0.199720
-0.500000 -0.445710 -0.351520
-0.299380 0.335870 -0.500000
-0.481460 -0.023696 -0.500000
-0.423790 0.025120 -0.500000
0.500000 0.387120 -0.285120
0.500000 0.165670 -0.335410
0.500000 0.157570 -0.319860
0.434920 0.382010 -0.500000
0.096423 0.399800 -0.500000
0.485470 0.500000 -0.343540
0.500000 0.079643 -0.235590
0.500000 0.183370 -0.273790
0.478870 0.300810 -0.500000
-0.274850 0.414640 -0.500000
-0.023459 0.500000 0.412580
-0.036596 0.299410 0.500000
-0.024782 0.500000 0.362560
0.375100 -0.359880 0.500000
-0.310340 -0.500000 0.125470
-0.088383 -0.500000 -0.048512
-0.068601 -0.500000 -0.096561
-0.337760 -0.500000 -0.397570
0.500000 -0.410770 -0.400670
0.500000 -0.350290 -0.313880
-0.500000 0.325490 -0.397240
-0.500000 0.042415 -0.194180
-0.500000 0.249010 -0.287380
-0.500000 0.210410 -0.344410
-0.338250 -0.101040 0.500000
-0.127410 -0.344610 0.500000
-0.500000 -0.223420 0.331630
-0.101570 -0.207420 0.500000
0.390320 -0.373590 0.500000
-0.448420 -0.493470 -0.500000
-0.268140 0.390620 -0.500000
-0.059388 0.500000 -0.204640
0.159880 0.500000 0.204240
0.236560 0.500000 0.021195
0.089374 0.500000 0.006228
-0.010085 0.500000 0.334250
0.447440 -0.500000 -0.425250
0.388490 0.500000 -0.095085
0.500000 -0.351240 -0.407990
0.313360 -0.266440 -0.500000
0.492230 -0.500000 -0.287930
0.500000 -0.344370 -0.495720
0.340670 -0.500000 -0.397210
0.500000 -0.372270 -0.235480
0.370250 -0.458230 -0.500000
0.500000 -0.481700 -0.395350
-0.144830 -0.370400 0.500000
-0.500000 -0.455640 0.226240
-0.338400 -0.500000 0.277390
-0.345390 -0.500000 0.156270
-0.500000 -0.333660 0.251210
-0.345480 -0.500000 0.180820
-0.381550 -0.500000 0.157410
-0.500000 0.248620 0.380220
-0.229890 0.420920 -0.500000
-0.255860 0.500000 -0.483180
-0.377860 0.500000 -0.433040
-0.405680 0.488870 -0.500000
-0.272690 0.500000 -0.214000
-0.321510 0.470300 -0.500000
0.189010 0.500000 0.253190
0.322290 0.500000 0.058368
0.355570 0.500000 0.299110
-0.025334 0.500000 0.360000
-0.107400 -0.500000 0.001830
-0.500000 -0.349470 -0.126850
0.500000 0.100210 -0.431800
0.500000 0.047701 -0.413360
0.500000 -0.241430 -0.338480
0.000625 0.331610 0.500000
-0.008685 0.096745 0.500000
0.082113 -0.253390 0.500000
-0.480470 0.103790 0.500000
-0.420350 0.002638 0.500000
-0.391950 -0.432340 -0.500000
-0.500000 -0.038597 -0.144290
0.003634 -0.310320 0.500000
0.401060 0.472040 -0.500000
0.391890 0.252130 -0.500000
0.318010 0.412140 -0.500000
0.326510 0.275260 0.500000
0.105080 -0.237760 0.500000
0.164900 0.500000 0.264630
0.135970 -0.259530 -0.500000
0.248610 -0.221360 -0.500000
0.292830 -0.059493 -0.500000
0.209040 -0.164120 -0.500000
0.228230 -0.164070 -0.500000
-0.022630 0.496140 -0.500000
0.166050 0.262530 -0.500000
-0.079160 0.433480 -0.500000
-0.018095 0.500000 0.361470
0.372320 0.500000 -0.126830
-0.028451 0.500000 0.351380
-0.034776 -0.500000 -0.422070
-0.119220 -0.380930 -0.500000
0.171670 -0.500000 -0.395170
-0.028305 -0.497520 -0.500000
0.026643 -0.446030 -0.500000
0.448040 0.500000 0.324230
-0.053822 -0.500000 -0.255140
-0.296940 -0.500000 -0.469390
0.352970 -0.358060 0.500000
0.084006 -0.275780 0.500000
0.401920 -0.500000 0.294250
0.391050 -0.500000 0.123760
0.375710 -0.500000 0.282510
-0.376030 0.500000 0.315950
-0.083678 0.500000 0.353830
-0.168610 -0.351850 -0.500000
-0.500000 -0.342310 -0.140190
0.449830 -0.182810 0.500000
0.358630 -0.160290 0.500000
-0.500000 -0.050189 0.289400
-0.293040 0.500000 0.137920
-0.427270 0.500000 0.246180
0.272860 -0.500000 -0.389650
0.244850 -0.380830 -0.500000
-0.121700 -0.316970 -0.500000
-0.347300 -0.422300 -0.500000
0.367240 -0.374140 0.500000
0.427610 -0.250480 0.500000
0.267420 -0.207530 0.500000
0.384190 -0.500000 -0.241020
0.500000 -0.377530 0.462080
0.446750 0.017991 -0.500000
0.361860 0.067612 -0.500000
0.500000 -0.119800 -0.159450
0.405020 0.168590 -0.500000
-0.500000 -0.173570 0.303930
0.449290 -0.500000 -0.179370
0.044237 0.441420 0.500000
-0.052035 -0.010131 0.500000
-0.125100 -0.126870 0.500000
0.074173 -0.268930 0.500000
-0.228060 0.500000 0.034791
-0.426920 -0.431090 -0.500000
-0.402750 -0.500000 -0.391580
0.293300 -0.500000 -0.360610
-0.500000 -0.098402 -0.149010
-0.500000 -0.386720 -0.310710
-0.039916 0.500000 0.342790
-0.258510 0.500000 0.051324
0.385440 -0.346860 0.500000
0.500000 -0.339280 0.398290
-0.337920 -0.465680 -0.500000
0.500000 -0.246570 -0.032387
0.500000 -0.316030 -0.089450
-0.441160 -0.500000 -0.427390
-0.495780 -0.500000 -0.419660
0 1
0 8
0 11
0 14
0 16
0 20
0 21
0 27
0 28
0 33
0 37
1 11
1 14
1 16
2 3
2 4
2 11
2 12
2 16
2 20
2 29
2 31
2 35
2 36
3 5
3 6
3 9
3 10
3 11
3 12
3 16
3 18
3 20
3 25
3 30
3 31
3 33
3 34
3 36
4 12
4 14
4 16
4 25
4 36
5 6
5 9
5 17
5 26
5 30
5 34
5 36
6 9
6 10
6 17
6 18
6 34
7 8
7 15
7 19
7 23
7 24
7 29
7 31
7 32
8 11
8 20
8 27
8 29
8 32
8 37
9 10
9 11
9 17
9 18
9 21
9 24
9 26
9 28
9 29
9 30
9 31
9 33
10 18
10 23
10 24
10 31
11 12
11 14
11 16
11 20
11 21
11 24
11 27
11 28
11 29
11 31
11 32
11 33
12 14
12 16
12 30
12 33
12 36
13 22
13 23
13 35
14 16
14 33
15 24
15 28
15 32
16 20
16 37
17 18
17 26
17 34
18 24
19 20
19 22
19 29
19 37
20 29
20 31
20 37
21 26
21 27
21 28
21 30
21 33
22 23
22 29
22 31
22 35
23 24
23 31
23 35
24 28
24 29
24 31
24 32
25 36
26 30
27 28
27 32
28 32
28 33
29 31
29 32
30 33
30 36
31 35
37 38
21 39
2 40
16 41
19 42
20 43
22 44
29 45
31 46
35 47
0 48
0 49
0 50
0 51
13 52
22 53
4 54
36 55
1 56
13 57
12 58
21 59
26 60
30 61
33 62
2 63
13 64
35 65
21 66
27 67
28 68
4 69
25 70
36 71
15 72
4 73
1 74
1 75
1 76
1 77
1 78
1 79
1 80
1 81
2 82
2 83
2 84
2 85
2 86
2 87
2 88
2 89
2 90
3 91
3 92
3 93
3 94
3 95
3 96
5 97
6 98
10 99
34 100
4 101
4 102
4 103
4 104
4 105
4 106
37 107
5 108
5 109
5 110
5 111
5 112
6 113
6 114
6 115
6 116
6 117
10 118
18 119
13 120
35 121
7 122
7 123
7 124
7 125
7 126
7 127
7 128
8 129
8 130
8 131
8 132
8 133
8 134
8 135
34 136
13 137
9 138
9 139
17 140
26 141
34 142
12 143
16 144
20 145
37 146
15 147
27 148
32 149
10 150
10 151
10 152
10 153
10 154
10 155
10 156
10 157
10 158
15 159
26 160
30 161
26 162
25 163
14 164
16 165
20 166
37 167
13 168
35 169
15 170
27 171
28 172
32 173
12 174
12 175
12 176
12 177
25 178
37 179
15 180
15 181
17 182
18 183
24 184
26 185
13 186
18 187
13 188
13 189
13 190
13 191
13 192
13 193
13 194
13 195
14 196
14 197
14 198
14 199
14 200
14 201
14 202
21 203
15 204
15 205
15 206
15 207
15 208
15 209
17 210
18 211
34 212
26 213
16 214
16 215
23 216
23 217
35 218
26 219
30 220
36 221
21 222
33 223
37 224
27 225
36 226
18 227
23 228
24 229
34 230
36 231
17 232
19 233
22 234
23 235
29 236
31 237
18 238
23 239
24 240
26 241
18 242
26 243
19 244
19 245
19 246
19 247
19 248
34 249
20 250
37 251
25 252
36 253
25 254
35 255
36 256
21 257
26 258
20 259
20 260
25 261
36 262
21 263
21 264
21 265
22 266
22 267
29 268
37 269
25 270
25 271
36 272
35 273
25 274
23 275
23 276
23 277
23 278
33 279
35 280
26 281
30 282
33 283
36 284
24 285
37 286
37 287
35 288
27 289
37 290
26 291
28 292
25 293
25 294
37 295
31 296
35 297
37 298
37 299
0.500000
