257 371 0
-0.372320 -0.137200 0.149950
-0.117850 0.066384 -0.255130
-0.461950 -0.344930 0.145020
0.157600 -0.403610 -0.340460
0.312990 -0.200390 -0.084378
0.466690 0.349260 -0.264270
-0.496210 -0.245080 -0.012394
0.056004 0.082839 -0.039003
0.414700 -0.191740 0.109720
-0.355460 -0.347870 -0.090280
-0.318700 0.164210 0.185360
-0.084951 0.196080 -0.215860
0.253930 0.077787 -0.434950
-0.128420 -0.206910 0.246840
0.495290 0.059150 0.350330
0.285800 0.060155 -0.443350
-0.385270 -0.156350 0.152030
-0.070339 -0.054099 0.400870
0.163090 0.020612 -0.096489
-0.053828 0.414770 -0.439040
0.074287 0.005909 0.209680
-0.082610 -0.357810 -0.193010
-0.007679 -0.237770 0.134500
-0.357780 -0.340480 -0.034727
-0.319320 0.168250 -0.033537
0.054615 -0.349620 -0.413080
0.346580 -0.279930 0.211510
0.431680 0.043334 -0.270990
0.402230 -0.135280 0.271760
-0.206950 0.239050 -0.451960
-0.248040 -0.471650 -0.019819
-0.243320 0.324100 -0.413690
-0.427320 -0.079011 -0.370420
-0.115770 0.408000 0.297350
-0.135670 0.174580 -0.334550
0.500000 -0.216530 0.187240
0.500000 -0.273750 0.273980
0.500000 -0.182770 0.298000
-0.500000 0.281850 -0.370880
-0.292510 -0.116350 0.500000
-0.443970 -0.246210 0.500000
-0.500000 -0.077830 0.172020
0.151750 -0.500000 -0.256530
0.003389 -0.500000 -0.142160
0.071182 -0.500000 0.028060
-0.204460 -0.500000 -0.024626
-0.483270 -0.143080 -0.500000
-0.412300 -0.500000 -0.052289
-0.371270 -0.500000 -0.142300
-0.372440 -0.500000 -0.122280
-0.278240 -0.500000 -0.055072
-0.500000 -0.375140 0.198170
-0.500000 -0.257730 0.008470
-0.500000 -0.389180 0.261030
-0.500000 -0.338440 0.230970
0.303030 0.080564 -0.500000
0.500000 -0.112600 0.215870
0.500000 0.052030 0.347040
0.500000 -0.084817 0.288360
0.500000 0.326160 -0.280240
-0.500000 0.258720 0.467420
-0.210940 0.246300 -0.500000
-0.242300 0.318350 -0.500000
0.038642 0.037501 -0.500000
-0.320120 -0.168330 -0.500000
-0.418800 -0.500000 0.211060
-0.500000 -0.365490 0.041997
-0.500000 -0.280370 0.155440
0.500000 -0.015051 -0.417450
0.500000 0.008065 -0.313480
-0.114970 0.500000 0.340370
-0.281150 -0.500000 0.270490
-0.265400 -0.500000 0.023181
0.500000 0.057529 0.381710
0.155990 -0.500000 -0.453200
0.299040 -0.500000 -0.345100
0.500000 -0.276330 -0.365750
-0.044732 -0.500000 -0.249640
0.323110 -0.500000 -0.090787
0.342240 -0.404320 -0.500000
0.173440 -0.292830 -0.500000
0.044285 -0.500000 -0.431390
-0.212320 0.233700 0.500000
-0.101330 0.065536 0.500000
-0.136890 0.333810 0.500000
0.500000 -0.266530 -0.009410
0.500000 -0.062100 -0.113090
0.500000 -0.208680 -0.241310
0.364960 -0.500000 -0.025859
0.500000 -0.292860 -0.127090
0.471200 0.500000 -0.372010
0.123690 0.500000 -0.457110
0.161380 -0.500000 0.273200
0.325200 -0.500000 0.300600
-0.070891 0.423110 -0.500000
-0.183310 0.289650 -0.500000
-0.194320 0.368360 -0.500000
0.073034 0.500000 -0.012865
-0.020986 0.500000 0.235000
-0.500000 -0.237110 -0.017070
-0.500000 0.156380 -0.136900
-0.500000 0.218880 -0.312420
-0.500000 -0.015136 -0.333360
0.500000 0.062738 0.354000
-0.500000 -0.247230 -0.013870
0.500000 0.293500 -0.240560
0.500000 0.349670 -0.281780
0.500000 0.313800 -0.280100
0.500000 0.335640 -0.246610
0.500000 0.373140 -0.241100
0.500000 0.331190 -0.235580
0.387120 0.500000 -0.425580
0.500000 0.355880 -0.449610
0.333390 0.500000 0.042890
0.500000 0.367670 -0.291840
0.398800 0.500000 -0.170930
0.186270 0.280910 -0.500000
-0.202920 0.500000 -0.172420
-0.136630 0.500000 -0.317810
-0.265470 0.500000 -0.124880
-0.245570 0.500000 -0.257250
-0.500000 -0.249040 -0.027497
-0.500000 -0.248090 -0.011088
-0.500000 -0.252110 -0.019951
-0.500000 -0.239590 -0.007592
0.500000 -0.244640 0.065808
0.500000 -0.290130 0.089076
-0.273410 0.009131 0.500000
-0.187610 -0.152050 0.500000
-0.122100 -0.068902 0.500000
0.284890 0.053215 -0.500000
-0.268550 0.200130 -0.500000
-0.328290 0.237920 -0.500000
-0.465990 -0.033281 -0.500000
-0.500000 -0.342340 -0.265940
-0.500000 -0.197900 -0.370590
0.251320 0.500000 0.140440
-0.184790 0.500000 0.091379
0.259900 0.500000 -0.068786
-0.072776 0.500000 0.269450
0.500000 -0.104260 0.019733
0.500000 -0.160570 0.106480
0.373300 -0.500000 -0.010031
0.500000 0.058770 0.335290
0.500000 0.038880 -0.123780
0.500000 0.044454 -0.228140
-0.382330 -0.500000 -0.294330
-0.300680 -0.500000 -0.126670
-0.500000 -0.388130 -0.153980
-0.365790 -0.238240 -0.500000
-0.438510 0.476950 0.500000
-0.500000 0.385400 0.203770
-0.500000 0.077380 0.193270
-0.196190 0.500000 0.098294
0.482380 0.047389 0.500000
0.491220 -0.195080 0.500000
0.375790 -0.200690 0.500000
0.478840 -0.241760 0.500000
0.481660 -0.228030 0.500000
-0.180200 0.500000 0.364360
0.219030 0.500000 0.102900
-0.187690 0.500000 0.083256
0.195630 0.500000 -0.124040
0.050139 0.243540 -0.500000
0.195310 0.057393 -0.500000
0.180860 0.157280 -0.500000
0.235690 0.004812 -0.500000
0.130780 -0.500000 -0.486140
0.375550 -0.015408 -0.500000
-0.345300 -0.500000 -0.306380
-0.388300 -0.500000 -0.326370
-0.263850 0.149570 -0.500000
-0.427610 -0.093228 -0.500000
0.029221 -0.298190 0.500000
-0.170930 -0.500000 0.264370
-0.344180 -0.261170 0.500000
-0.183960 -0.500000 0.497600
0.500000 0.063015 0.348840
0.168260 0.444610 0.500000
0.456960 0.126400 0.500000
0.500000 0.062101 0.342560
0.500000 0.053635 0.356980
0.305810 0.500000 0.188780
0.500000 0.128420 0.342680
0.321520 0.185920 0.500000
0.500000 0.069645 -0.414460
0.500000 0.051874 -0.297930
0.320520 0.055398 -0.500000
-0.500000 0.447770 -0.488730
0.099576 0.407890 0.500000
0.126600 0.462290 0.500000
0.110130 0.483420 0.500000
0.500000 -0.096768 -0.406060
0.220650 0.047760 -0.500000
0.327380 0.105730 -0.500000
0.205260 0.140800 -0.500000
0.261120 -0.001286 -0.500000
-0.270200 0.500000 0.413690
-0.447810 -0.251890 0.500000
-0.500000 -0.092658 0.171930
0.028111 0.020905 0.500000
0.008495 -0.184050 0.500000
-0.106500 -0.041596 0.500000
-0.228950 -0.148090 0.500000
-0.028563 0.078156 0.500000
0.076381 -0.315840 0.500000
0.175300 -0.323390 0.500000
0.206820 -0.270390 0.500000
0.500000 0.130990 -0.061388
0.266620 0.500000 0.136990
0.052725 0.500000 -0.497610
-0.078136 0.500000 -0.436860
0.087291 0.500000 -0.307550
0.007183 0.347470 -0.500000
0.257260 0.500000 0.171260
0.068828 0.214420 0.500000
0.500000 -0.033357 -0.302580
-0.324660 0.500000 0.468010
-0.186880 -0.500000 -0.169080
-0.251280 -0.500000 -0.048020
0.077209 -0.176780 -0.500000
-0.107320 0.170550 -0.500000
0.012532 0.082263 -0.500000
-0.269620 0.394390 -0.500000
-0.104480 -0.500000 0.203780
-0.245060 -0.500000 0.006528
-0.500000 -0.385090 -0.132590
-0.048310 -0.423370 -0.500000
-0.009608 -0.404400 -0.500000
-0.322640 -0.244110 -0.500000
0.297240 -0.500000 -0.048179
-0.101520 -0.500000 -0.379700
0.334310 -0.500000 -0.006033
-0.500000 0.386210 0.149780
-0.500000 0.079449 0.088962
-0.196260 0.500000 0.090632
-0.083916 0.500000 0.435660
-0.200110 -0.273150 -0.500000
0.101440 -0.290500 -0.500000
-0.035919 -0.500000 -0.490930
-0.203000 0.500000 -0.420810
-0.275980 0.294580 -0.500000
-0.337180 0.381200 -0.500000
-0.500000 0.450920 0.221450
0.500000 -0.471340 0.299980
0.370210 -0.500000 0.224760
0.367130 -0.500000 0.004892
0.390930 -0.500000 0.130440
0.122530 0.500000 0.218540
-0.280230 0.027794 -0.500000
-0.097416 0.245770 -0.500000
-0.385590 -0.178990 -0.500000
-0.307870 -0.121080 -0.500000
-0.156010 0.454640 0.500000
-0.182940 0.500000 0.118650
-0.500000 -0.087942 -0.423320
0.014700 0.229870 -0.500000
0 1
0 6
0 7
0 9
0 10
0 13
0 16
0 17
0 22
0 23
0 24
1 7
1 9
1 11
1 12
1 18
1 21
1 22
1 23
1 24
1 25
1 32
1 34
2 6
2 13
2 16
2 23
2 30
3 4
3 12
3 15
3 18
3 21
3 25
3 27
4 8
4 12
4 15
4 18
4 20
4 21
4 22
4 26
4 27
5 7
5 11
5 12
5 14
5 15
5 18
5 19
5 27
6 9
6 16
6 23
6 24
6 32
7 10
7 11
7 13
7 14
7 18
7 20
7 21
7 22
7 24
7 33
8 14
8 18
8 20
8 22
8 26
8 27
8 28
9 21
9 23
9 24
9 30
9 32
10 13
10 17
10 20
10 24
10 33
11 12
11 18
11 19
11 24
11 31
11 34
12 15
12 18
12 19
12 25
12 27
12 34
13 16
13 17
13 20
13 22
13 23
13 30
14 17
14 18
14 20
14 28
15 18
15 25
15 27
16 17
16 23
17 20
17 22
17 26
17 28
17 33
18 20
18 21
18 22
18 25
18 27
18 28
19 29
19 31
19 34
20 22
20 26
20 28
20 33
21 22
21 23
21 25
21 30
21 32
22 23
22 26
22 30
23 30
24 31
24 32
24 33
24 34
26 28
29 31
29 32
29 34
31 32
31 34
32 34
8 35
26 36
28 37
31 38
0 39
0 40
0 41
3 42
21 43
22 44
30 45
32 46
2 47
9 48
23 49
30 50
2 51
6 52
13 53
16 54
15 55
8 56
14 57
28 58
5 59
10 60
29 61
31 62
1 63
1 64
2 65
2 66
2 67
15 68
27 69
33 70
13 71
30 72
14 73
3 74
3 75
3 76
3 77
3 78
3 79
3 80
3 81
10 82
17 83
33 84
4 85
4 86
4 87
4 88
4 89
5 90
19 91
22 92
26 93
19 94
29 95
31 96
11 97
33 98
6 99
24 100
31 101
32 102
14 103
6 104
5 105
5 106
5 107
5 108
5 109
5 110
5 111
5 112
5 113
5 114
5 115
5 116
11 117
19 118
24 119
31 120
6 121
6 122
6 123
6 124
8 125
26 126
10 127
13 128
17 129
15 130
29 131
31 132
32 133
9 134
32 135
7 136
7 137
7 138
33 139
8 140
8 141
8 142
14 143
18 144
27 145
9 146
9 147
9 148
9 149
10 150
10 151
10 152
10 153
14 154
14 155
17 156
26 157
28 158
33 159
11 160
11 161
11 162
11 163
12 164
12 165
12 166
25 167
15 168
21 169
32 170
29 171
32 172
13 173
13 174
13 175
13 176
14 177
14 178
14 179
14 180
14 181
14 182
14 183
14 184
15 185
27 186
15 187
31 188
17 189
20 190
33 191
15 192
15 193
15 194
15 195
15 196
33 197
16 198
16 199
17 200
17 201
17 202
17 203
17 204
22 205
26 206
28 207
18 208
18 209
19 210
19 211
19 212
19 213
20 214
20 215
27 216
33 217
21 218
30 219
25 220
29 221
34 222
31 223
22 224
30 225
23 226
21 227
25 228
21 229
21 230
21 231
22 232
24 233
24 234
24 235
33 236
25 237
25 238
25 239
31 240
29 241
31 242
33 243
26 244
26 245
26 246
26 247
33 248
29 249
29 250
32 251
34 252
33 253
33 254
32 255
34 256
0.500000
