288 392 0
-0.459860 -0.450280 0.283450
-0.082079 -0.039374 0.248120
0.294820 0.360290 -0.430070
0.020844 0.085420 -0.089434
-0.048979 -0.407340 -0.235840
0.451430 -0.114560 0.478070
0.282770 -0.488840 -0.458670
0.419130 0.096995 -0.128160
0.333430 0.320310 0.355270
-0.205710 0.078305 -0.349410
-0.196690 -0.351300 -0.103880
0.289590 0.116090 -0.113120
-0.331530 -0.478570 -0.218540
-0.382990 0.069180 -0.105030
-0.369010 0.328250 -0.111380
0.284250 0.464190 0.446330
0.007197 -0.192710 -0.443460
0.416510 -0.056880 -0.295930
0.104760 -0.022323 0.053517
0.439370 0.183990 -0.039721
0.493600 0.261730 -0.054580
-0.428580 -0.223430 0.057237
0.121900 0.441880 -0.045936
-0.445900 0.150020 -0.370770
0.332630 0.003353 -0.122470
-0.416190 0.452250 -0.037643
-0.412560 0.156590 0.170570
-0.158100 0.095951 0.119290
-0.162630 -0.427560 0.222280
-0.030652 0.079540 0.030734
-0.389490 -0.091041 0.191890
-0.311480 0.240100 -0.342840
-0.180530 0.337070 -0.079707
-0.057462 -0.108270 -0.201390
-0.500000 -0.335590 0.419900
-0.500000 -0.096123 0.483000
0.325550 -0.500000 -0.466310
0.432450 -0.500000 -0.474230
0.322970 0.295700 -0.500000
0.405920 0.040269 -0.500000
0.494560 -0.145550 0.500000
-0.480490 -0.401460 0.500000
0.500000 0.303400 -0.335940
0.500000 0.133170 -0.153770
0.500000 0.020508 -0.278160
0.500000 0.195120 -0.078384
0.500000 0.261110 -0.059186
0.298910 -0.466330 -0.500000
0.358260 -0.309730 -0.500000
-0.500000 -0.411000 -0.240290
-0.500000 -0.005609 -0.147890
-0.500000 -0.228280 0.003363
-0.500000 0.100690 -0.361000
0.500000 -0.127630 0.476090
-0.500000 -0.465530 0.286590
-0.497900 -0.500000 0.280400
-0.500000 -0.390670 0.328710
-0.500000 -0.454140 0.259930
-0.453570 -0.357140 0.500000
-0.399960 -0.500000 0.399040
-0.500000 -0.452870 0.228300
-0.317510 -0.500000 0.306160
-0.460830 -0.500000 0.262240
-0.500000 -0.451220 0.333440
-0.500000 -0.404750 0.278450
-0.500000 -0.279220 0.365420
-0.208700 -0.231930 0.500000
-0.500000 -0.474450 0.311570
-0.301050 -0.500000 0.267740
-0.500000 -0.446870 0.319790
-0.500000 -0.467230 0.281070
-0.458810 -0.500000 0.309580
-0.221800 -0.500000 -0.239370
-0.273580 -0.500000 -0.212720
-0.317890 -0.500000 -0.226520
-0.233620 -0.456470 -0.500000
-0.347180 -0.485160 -0.500000
-0.081157 -0.264660 -0.500000
-0.072532 0.318160 0.500000
-0.500000 0.016572 0.473170
-0.057455 -0.070655 0.500000
0.164950 -0.500000 0.424170
-0.500000 -0.090928 0.320810
-0.158490 -0.500000 0.236890
0.226150 -0.500000 -0.081058
0.420620 -0.500000 0.058767
0.132760 -0.500000 0.147120
-0.500000 -0.275820 0.065121
0.118370 0.500000 -0.231390
0.323630 0.475750 -0.500000
0.454720 0.500000 -0.448970
0.500000 0.434560 -0.238730
0.297440 0.207790 -0.500000
0.183160 0.280140 -0.500000
0.254220 0.421060 -0.500000
0.288810 0.373880 -0.500000
0.313640 0.500000 -0.383180
0.090450 0.500000 -0.198510
0.245750 0.006385 -0.500000
-0.020559 0.114430 -0.500000
0.448120 -0.127840 0.500000
0.289850 -0.494690 -0.500000
-0.084490 -0.500000 -0.180720
-0.016820 -0.500000 -0.433040
-0.091480 -0.500000 -0.300000
-0.069558 -0.500000 -0.254950
-0.155750 -0.161470 -0.500000
-0.008121 -0.500000 -0.210780
0.006640 -0.500000 -0.293740
0.167180 -0.500000 -0.243790
0.500000 -0.284520 0.044041
0.190920 0.500000 0.269930
0.243840 0.500000 0.399840
0.106800 0.500000 0.018929
0.002923 0.500000 0.173740
0.375400 -0.500000 0.421400
0.287220 -0.500000 0.315520
0.001154 -0.500000 0.279260
-0.500000 -0.485780 -0.211050
0.500000 -0.056453 0.421840
0.500000 -0.215120 0.463660
0.500000 0.147260 0.412530
0.385390 -0.111060 0.500000
0.471940 -0.091769 0.500000
0.496390 -0.063446 0.500000
0.294290 -0.500000 0.476940
0.500000 -0.190070 0.283670
0.500000 -0.161730 0.454720
-0.500000 0.495210 -0.019930
-0.500000 0.347470 0.085163
0.291260 -0.444570 -0.500000
0.104880 -0.230830 -0.500000
0.353970 -0.217200 -0.500000
-0.006088 -0.185530 -0.500000
0.500000 -0.131600 -0.380070
-0.500000 0.041150 -0.068298
-0.500000 -0.201470 0.059134
-0.500000 0.101140 -0.007459
-0.500000 0.162610 0.186960
-0.500000 -0.472590 -0.137270
-0.500000 -0.287880 0.030762
0.080485 0.500000 -0.210090
0.103200 0.500000 -0.199270
0.123990 0.500000 -0.192360
0.100810 0.500000 -0.164010
0.065432 0.500000 -0.213360
0.064397 0.500000 -0.190390
0.500000 0.107000 0.001362
0.500000 0.218750 0.297900
0.500000 0.084609 0.192010
0.500000 0.167440 0.041441
0.500000 0.256250 -0.042481
0.500000 0.067466 0.070095
-0.500000 0.191410 -0.114450
-0.500000 0.370740 -0.119340
-0.500000 0.203840 -0.328590
-0.500000 0.452060 -0.062028
-0.500000 0.233250 0.091288
-0.199430 -0.500000 -0.068423
-0.323480 -0.500000 -0.204190
-0.170600 -0.500000 0.181980
0.328370 0.449040 0.500000
0.046959 0.378440 0.500000
0.115720 0.434740 0.500000
-0.122450 0.364800 0.500000
-0.082109 0.361000 0.500000
0.319770 -0.500000 -0.434610
0.500000 -0.340270 -0.283050
-0.407670 0.500000 -0.070734
0.248800 -0.500000 -0.476280
0.008346 -0.332170 -0.500000
-0.240780 -0.500000 0.295400
-0.267580 -0.500000 0.309450
0.279710 -0.500000 -0.449050
0.280820 -0.500000 -0.460400
0.297530 -0.500000 -0.442440
0.500000 -0.315110 -0.032956
0.500000 0.090156 -0.137260
0.500000 -0.126120 -0.007872
-0.386150 -0.395180 -0.500000
-0.382730 -0.500000 0.133790
-0.364500 -0.500000 -0.103940
-0.455830 -0.500000 0.201990
0.500000 0.336840 0.362610
0.256300 0.399270 0.500000
0.143430 0.114340 0.500000
0.470570 0.152880 0.500000
0.500000 0.206780 0.471250
0.500000 0.388630 0.339750
0.410800 0.500000 0.328000
0.500000 0.376410 0.143790
-0.339620 -0.500000 -0.219690
-0.500000 0.106830 -0.442320
0.500000 0.358030 0.375890
0.500000 0.282300 0.214160
0.500000 0.273660 0.008917
-0.185850 -0.058259 -0.500000
-0.115700 0.102330 -0.500000
-0.276530 0.185990 -0.500000
-0.295770 -0.027027 -0.500000
0.500000 0.270240 -0.055507
0.340820 0.500000 0.461790
-0.180710 -0.139260 -0.500000
-0.291380 -0.500000 0.260750
-0.001178 -0.232820 -0.500000
0.298820 0.013694 -0.500000
0.112530 -0.128370 -0.500000
0.339480 -0.027633 -0.500000
0.073718 0.500000 -0.051172
-0.382970 0.500000 -0.043214
-0.178450 0.500000 -0.079163
-0.203910 -0.170640 -0.500000
-0.359160 -0.228410 -0.500000
-0.371970 -0.500000 -0.203060
-0.297050 -0.500000 0.215800
-0.500000 0.013979 0.003683
-0.500000 0.073681 -0.098560
-0.374370 -0.070786 -0.500000
-0.500000 -0.198840 0.097813
-0.500000 0.089889 0.189510
-0.500000 -0.096399 0.207990
-0.500000 0.209200 -0.381760
-0.304840 0.500000 -0.264720
-0.433690 0.500000 -0.172850
-0.488650 0.500000 -0.203930
-0.500000 -0.179840 0.039022
-0.500000 0.143580 -0.338490
-0.085932 -0.150810 -0.500000
-0.159290 -0.109050 -0.500000
0.255770 0.476390 0.500000
0.292670 0.500000 0.468270
0.379150 0.321080 0.500000
0.437490 0.313040 0.500000
0.500000 0.437760 0.365640
0.303490 0.500000 0.495870
0.322890 0.500000 0.417320
0.342950 0.456810 0.500000
-0.004975 -0.099780 -0.500000
-0.162970 0.177930 -0.500000
-0.411710 0.219150 -0.500000
-0.335240 0.275780 -0.500000
-0.099800 0.397140 -0.500000
-0.500000 0.084917 0.358080
-0.500000 -0.019945 0.385920
-0.139800 -0.500000 0.291230
-0.500000 0.137120 -0.497530
-0.408400 0.015889 -0.500000
-0.112000 -0.500000 0.172850
-0.406170 0.500000 -0.036689
-0.083905 -0.203330 0.500000
-0.152890 -0.089194 0.500000
-0.381300 0.500000 -0.113890
-0.263950 0.500000 -0.404860
-0.199650 0.500000 -0.242250
0.500000 -0.033621 -0.272260
0.456460 -0.500000 -0.264110
0.500000 -0.188750 -0.071588
0.500000 -0.126880 -0.300850
0.500000 -0.044340 -0.495700
0.500000 0.165470 -0.060243
0.500000 0.258040 -0.056812
0.208630 -0.500000 0.382240
0.500000 -0.242990 0.069031
-0.025231 0.500000 0.028263
-0.331540 0.500000 0.025305
-0.240950 0.500000 0.127950
-0.198300 0.500000 0.119140
-0.197830 0.500000 0.058671
0.500000 -0.059435 0.019366
0.500000 0.269680 -0.052093
0.425730 0.500000 -0.167220
-0.294210 -0.500000 0.265050
-0.288590 -0.500000 0.265440
0.226100 0.500000 0.060081
0.500000 0.422310 -0.015669
0.162590 0.500000 -0.090173
-0.434090 0.500000 -0.075765
-0.422520 0.500000 -0.293540
-0.500000 0.326820 -0.343960
-0.500000 0.195070 -0.428120
-0.023923 -0.500000 0.310220
0.500000 -0.206160 0.024488
-0.500000 0.429200 0.170550
-0.458260 0.500000 -0.094961
-0.500000 0.278120 0.281190
0.500000 -0.284130 0.082331
-0.490140 0.500000 -0.312170
-0.500000 0.295890 -0.485300
0 21
0 28
0 30
1 5
1 8
1 10
1 18
1 21
1 26
1 27
1 28
1 29
1 30
1 33
2 3
2 7
2 9
2 11
2 17
2 20
2 22
3 9
3 11
3 13
3 16
3 18
3 22
3 24
3 29
3 32
3 33
4 6
4 10
4 12
4 16
4 17
4 18
4 24
4 28
4 33
5 8
5 18
5 28
6 16
6 17
6 24
7 11
7 17
7 19
7 20
7 24
8 11
8 15
8 18
8 19
8 20
8 22
8 27
8 29
9 10
9 12
9 13
9 16
9 23
9 31
9 32
9 33
10 12
10 13
10 18
10 21
10 27
10 28
10 33
11 16
11 17
11 18
11 19
11 20
11 22
11 24
11 29
11 33
12 13
12 21
12 23
13 14
13 21
13 23
13 26
13 27
13 29
13 30
13 31
13 32
13 33
14 23
14 25
14 26
14 27
14 31
14 32
16 17
16 33
17 24
17 33
18 19
18 22
18 24
18 28
18 29
18 33
19 20
19 22
19 24
20 22
21 27
21 28
21 30
21 33
22 27
22 29
22 32
23 31
24 33
25 26
25 32
26 27
26 30
26 32
27 29
27 30
27 32
27 33
28 30
29 32
29 33
31 32
0 34
30 35
6 36
17 37
2 38
17 39
5 40
0 41
2 42
7 43
17 44
19 45
20 46
6 47
17 48
12 49
13 50
21 51
23 52
5 53
0 54
0 55
0 56
0 57
0 58
0 59
0 60
0 61
0 62
0 63
0 64
0 65
0 66
0 67
0 68
0 69
0 70
0 71
4 72
10 73
12 74
4 75
12 76
16 77
1 78
1 79
1 80
1 81
30 82
28 83
4 84
18 85
28 86
21 87
2 88
2 89
2 90
2 91
2 92
2 93
2 94
2 95
2 96
3 97
3 98
3 99
5 100
6 101
4 102
4 103
4 104
4 105
4 106
4 107
4 108
4 109
4 110
8 111
15 112
22 113
27 114
5 115
18 116
28 117
12 118
5 119
5 120
5 121
5 122
5 123
5 124
5 125
5 126
5 127
25 128
26 129
6 130
16 131
17 132
16 133
17 134
13 135
21 136
13 137
26 138
12 139
21 140
9 141
11 142
20 143
22 144
31 145
32 146
7 147
8 148
18 149
19 150
20 151
24 152
13 153
14 154
23 155
25 156
26 157
10 158
12 159
28 160
15 161
8 162
15 163
26 164
27 165
6 166
17 167
25 168
6 169
16 170
28 171
30 172
6 173
6 174
6 175
6 176
7 177
7 178
12 179
10 180
12 181
21 182
8 183
8 184
8 185
8 186
8 187
8 188
8 189
8 190
12 191
23 192
15 193
19 194
20 195
9 196
9 197
9 198
9 199
20 200
15 201
10 202
10 203
16 204
11 205
16 206
17 207
22 208
25 209
32 210
12 211
12 212
12 213
12 214
13 215
13 216
13 217
21 218
26 219
30 220
23 221
14 222
14 223
14 224
21 225
23 226
16 227
33 228
15 229
15 230
15 231
15 232
15 233
15 234
15 235
15 236
16 237
31 238
23 239
31 240
31 241
26 242
30 243
28 244
23 245
23 246
28 247
25 248
28 249
30 250
25 251
31 252
32 253
17 254
17 255
17 256
17 257
17 258
19 259
20 260
18 261
18 262
22 263
25 264
26 265
27 266
32 267
19 268
20 269
20 270
21 271
28 272
22 273
22 274
22 275
25 276
31 277
23 278
23 279
28 280
24 281
25 282
25 283
26 284
28 285
31 286
31 287
0.500000
