277 371 0
0.372470 -0.191950 0.108010
-0.056503 -0.370240 0.319980
0.239670 -0.150390 -0.153660
0.287030 -0.038435 0.026393
0.407220 -0.447280 -0.256120
-0.316490 0.250210 0.202520
0.473850 0.233820 -0.207170
-0.035055 -0.271510 0.467660
-0.206880 0.021835 -0.010556
-0.135820 0.036366 0.231800
0.288840 -0.391580 0.159170
0.173410 -0.177760 -0.002676
-0.123490 -0.437290 -0.374470
0.439100 0.453530 0.469060
-0.307160 0.042159 -0.283900
-0.198660 0.446550 0.201380
-0.041762 0.468200 -0.059593
-0.016475 -0.183530 -0.107810
0.402220 0.448580 0.244000
0.038929 -0.259410 -0.270550
-0.204120 0.271040 0.296870
0.404620 0.406060 -0.450700
-0.355780 0.030745 0.292330
0.485770 0.488080 0.189150
-0.407890 0.250950 -0.081346
-0.238400 -0.099153 -0.321820
0.395130 -0.229580 0.174010
-0.358810 -0.483520 0.162770
0.347800 -0.192390 -0.310840
0.242600 -0.166090 -0.453360
0.154740 -0.002018 0.396730
-0.076032 -0.453240 -0.235600
-0.451070 -0.222280 0.500000
-0.231260 -0.236710 0.500000
-0.500000 -0.104820 0.465960
-0.500000 -0.282810 0.419600
-0.025177 -0.265750 0.500000
0.133330 -0.054256 0.500000
0.500000 -0.249190 0.090939
0.500000 -0.166200 -0.019765
0.500000 -0.084322 0.164860
-0.500000 0.286930 -0.047545
0.427620 0.500000 0.447400
-0.095734 0.500000 0.225660
0.006045 0.500000 -0.013564
0.396230 0.500000 0.260020
0.342780 0.495900 -0.500000
-0.196820 -0.500000 -0.052584
-0.179430 -0.500000 -0.060112
-0.199360 -0.500000 -0.075228
-0.304150 -0.500000 0.089498
-0.146880 -0.500000 -0.129240
-0.164140 0.198930 0.500000
-0.212100 0.371030 0.500000
-0.022678 0.406740 0.500000
-0.215070 0.389640 0.500000
-0.186050 0.390130 0.500000
-0.215090 0.380220 0.500000
-0.223990 0.366270 0.500000
-0.174530 0.343840 0.500000
0.446760 0.440920 0.500000
0.121800 -0.472840 -0.500000
0.062796 -0.469470 -0.500000
0.090762 -0.456110 -0.500000
0.143180 -0.375400 -0.500000
0.082459 -0.473470 -0.500000
0.041429 -0.324860 0.500000
0.279120 -0.466760 0.500000
-0.098822 -0.500000 0.394920
-0.037991 -0.500000 0.023024
0.044988 -0.500000 0.373980
-0.048103 -0.323770 0.500000
-0.264690 -0.500000 0.464220
-0.095044 -0.500000 0.147470
0.308810 -0.500000 -0.310340
0.005051 -0.500000 -0.381460
0.133530 -0.500000 -0.360970
0.201030 -0.500000 -0.374160
0.178840 -0.500000 -0.402040
0.014262 -0.500000 -0.293720
0.500000 0.491300 0.188080
0.500000 -0.143440 -0.151180
0.450220 0.309580 0.500000
0.331420 -0.054672 0.500000
-0.368010 -0.500000 0.169950
-0.500000 0.338610 -0.098359
0.413270 0.448380 -0.500000
0.500000 -0.101500 -0.083130
0.500000 0.376250 0.067479
0.500000 -0.020967 0.152640
-0.500000 0.393550 0.161770
-0.468900 0.500000 0.156300
-0.500000 0.345720 -0.016654
0.500000 -0.384070 -0.257950
0.500000 -0.213830 -0.290170
0.269560 0.500000 -0.314890
0.093239 0.500000 -0.344200
0.010540 0.500000 -0.127850
0.303140 0.500000 -0.407610
-0.234580 -0.423540 -0.500000
-0.310450 -0.261990 -0.500000
0.500000 -0.402790 -0.139370
0.500000 -0.353380 0.108500
0.500000 -0.266000 0.133190
-0.323250 -0.500000 0.206630
0.088722 -0.500000 -0.088871
0.500000 -0.319260 -0.211890
0.405220 -0.500000 -0.230600
0.420880 -0.500000 -0.193310
0.500000 -0.460370 -0.168870
0.500000 -0.445450 -0.413510
0.434660 -0.500000 -0.266330
0.389640 -0.500000 -0.314230
-0.014683 0.500000 -0.104780
-0.500000 0.244610 0.014282
0.016416 -0.500000 0.005225
-0.022604 -0.500000 -0.022602
-0.033937 -0.500000 -0.028974
-0.029260 -0.500000 -0.043229
-0.047549 -0.500000 -0.088380
-0.394800 0.500000 0.362230
-0.500000 0.229470 0.317860
-0.302080 0.422590 0.500000
-0.466520 0.144610 0.500000
0.500000 -0.225500 0.333620
0.500000 -0.221980 0.330340
0.500000 -0.218520 0.338530
0.399830 0.403560 -0.500000
-0.401040 -0.500000 0.304510
0.500000 0.171190 -0.197580
0.500000 0.327780 -0.075312
0.401450 0.185960 -0.500000
0.500000 0.234650 -0.202180
0.366230 0.500000 -0.161900
0.500000 0.235860 -0.247590
0.500000 0.253690 -0.231080
0.500000 0.453290 -0.238300
0.500000 0.174490 -0.109290
0.500000 -0.164110 -0.224050
-0.357380 -0.500000 0.168780
0.500000 0.446200 0.493230
0.387480 -0.416110 0.500000
-0.307690 0.500000 0.300720
-0.373330 0.500000 0.376860
0.225750 -0.270170 -0.500000
0.075833 -0.291210 0.500000
0.073471 -0.500000 0.428470
-0.041791 -0.297490 0.500000
-0.186060 -0.403590 0.500000
-0.149700 -0.181700 0.500000
0.008519 -0.261530 0.500000
0.308330 -0.500000 0.125020
-0.307160 0.226650 -0.500000
-0.500000 -0.181440 0.201550
-0.500000 -0.323010 -0.018408
-0.500000 0.096754 0.358050
-0.500000 0.237390 0.073396
0.345130 -0.500000 0.157650
-0.500000 -0.140800 0.045102
-0.500000 -0.122580 0.303950
-0.500000 0.052019 0.064553
-0.500000 -0.393450 0.235140
0.339930 -0.350070 0.500000
0.360550 -0.318340 0.500000
0.265570 -0.192060 0.500000
0.500000 0.435370 0.066316
0.500000 0.437060 0.112700
0.500000 0.470320 0.151360
-0.500000 -0.279940 -0.313190
-0.500000 -0.358960 -0.328110
-0.500000 -0.478790 -0.107500
-0.214150 -0.500000 -0.404230
-0.353150 -0.500000 -0.339360
-0.393710 -0.500000 -0.332110
-0.381470 -0.500000 -0.119950
-0.330980 -0.500000 -0.312150
0.500000 0.412180 0.479640
-0.185690 0.500000 -0.312950
-0.077081 0.500000 -0.133790
-0.223270 0.500000 -0.261020
0.500000 0.492150 0.197830
0.196490 -0.500000 0.295760
0.500000 -0.440070 0.105390
0.500000 -0.423830 0.374790
0.280830 -0.500000 0.352350
-0.027792 -0.500000 0.122150
-0.082314 -0.500000 0.104840
0.499750 0.500000 0.186200
-0.123170 -0.500000 -0.422540
-0.017052 -0.365280 -0.500000
-0.124370 -0.500000 -0.336190
0.421050 0.428380 0.500000
0.500000 0.389640 0.491890
0.352140 0.460960 0.500000
0.411280 0.500000 0.482710
0.440600 0.500000 0.436910
0.500000 0.468050 0.430050
0.452190 0.432110 0.500000
0.500000 0.255800 0.356120
0.448420 0.490490 0.500000
-0.500000 -0.255910 -0.149730
-0.500000 0.157590 -0.331240
0.078666 0.110090 -0.500000
-0.500000 -0.056541 -0.380670
-0.500000 -0.010795 -0.143240
-0.437290 0.144020 -0.500000
-0.194280 0.093884 -0.500000
-0.337580 0.201940 -0.500000
-0.500000 -0.357410 -0.145660
-0.458630 -0.500000 0.105260
0.385910 -0.218450 -0.500000
0.269560 -0.178550 -0.500000
-0.500000 0.274190 -0.152770
-0.349730 -0.500000 0.160070
0.358510 0.358520 0.500000
0.103280 0.290610 0.500000
0.226830 0.122490 0.500000
0.394570 0.347770 -0.500000
0.079166 0.037882 -0.500000
0.355620 -0.000816 -0.500000
0.269750 -0.092066 -0.500000
-0.164460 0.482250 0.500000
-0.140410 0.500000 0.254420
-0.192370 0.500000 0.198020
-0.217150 0.500000 0.157290
-0.221190 0.500000 0.194060
-0.201770 0.500000 0.228890
-0.500000 0.130370 -0.198960
-0.500000 -0.139960 -0.414890
0.106630 0.066437 0.500000
-0.284920 0.417210 0.500000
0.149110 -0.019131 0.500000
-0.500000 -0.009331 0.265260
-0.500000 0.185130 -0.036277
-0.047707 0.500000 -0.045298
-0.070222 0.500000 -0.060008
-0.002210 0.500000 -0.067600
-0.074232 0.500000 -0.034323
0.414940 0.500000 0.227450
0.484360 0.500000 0.187800
0.500000 -0.324390 -0.487040
0.338440 -0.233410 -0.500000
-0.096200 -0.500000 0.096814
0.410550 0.500000 0.249910
0.500000 0.469660 0.326050
0.378590 0.500000 0.175200
0.500000 0.198510 0.221270
0.092986 -0.260980 -0.500000
-0.497160 0.225810 -0.500000
-0.394840 0.070244 -0.500000
-0.361880 -0.500000 0.235990
-0.160780 -0.009046 -0.500000
0.217300 -0.128140 -0.500000
0.356640 -0.500000 -0.390930
0.334250 -0.500000 -0.422960
-0.412300 0.163020 0.500000
-0.464510 0.081949 0.500000
0.366520 0.500000 -0.354010
0.500000 0.355190 -0.483030
0.500000 0.407540 -0.441020
0.447250 0.500000 -0.387270
0.483930 0.500000 0.193430
0.500000 0.487530 0.222140
0.475140 0.500000 0.173310
0.500000 0.414690 0.191020
-0.360570 0.500000 -0.072742
-0.365860 0.500000 0.040519
-0.052334 -0.180330 -0.500000
0.500000 -0.109420 0.189590
0.203180 -0.062769 0.500000
-0.258580 -0.500000 0.143450
0.500000 -0.014681 -0.496740
0.326580 -0.098821 -0.500000
0.220500 -0.185900 -0.500000
-0.083299 -0.500000 -0.224970
0.500000 0.001946 -0.415270
0.500000 -0.011793 0.239740
0 2
0 3
0 4
0 10
0 11
0 26
0 30
1 7
1 8
1 9
1 10
1 11
1 17
1 22
1 27
1 30
2 3
2 4
2 6
2 8
2 10
2 11
2 14
2 16
2 17
2 19
2 25
2 28
2 29
3 6
3 8
3 9
3 11
3 16
3 17
3 18
3 30
4 10
4 11
4 19
4 28
4 29
4 31
5 8
5 9
5 15
5 16
5 20
5 22
5 24
6 16
6 18
6 21
6 28
6 29
7 9
7 10
7 22
7 30
8 9
8 11
8 14
8 16
8 17
8 20
8 22
8 24
8 25
8 27
9 11
9 16
9 17
9 18
9 20
9 22
9 27
9 30
10 11
10 26
10 30
11 17
11 19
11 26
11 30
12 19
12 25
12 31
13 18
13 30
14 16
14 17
14 21
14 24
14 25
14 29
15 16
15 18
15 20
15 24
16 17
16 18
16 20
16 21
16 24
16 29
17 19
17 25
17 27
17 31
18 20
18 23
18 30
19 25
19 28
19 29
19 31
20 22
20 30
21 29
22 24
22 27
25 27
25 29
25 31
26 30
28 29
1 32
7 33
22 34
27 35
7 36
30 37
0 38
0 39
0 40
24 41
13 42
15 43
16 44
18 45
21 46
8 47
17 48
25 49
27 50
31 51
7 52
9 53
13 54
15 55
18 56
20 57
22 58
30 59
13 60
4 61
12 62
19 63
29 64
31 65
7 66
10 67
1 68
1 69
1 70
1 71
1 72
1 73
4 74
12 75
19 76
28 77
29 78
31 79
23 80
2 81
13 82
30 83
27 84
24 85
21 86
3 87
3 88
3 89
5 90
15 91
24 92
4 93
28 94
6 95
14 96
16 97
21 98
12 99
25 100
4 101
10 102
26 103
27 104
4 105
4 106
4 107
4 108
4 109
4 110
4 111
4 112
16 113
24 114
10 115
11 116
17 117
19 118
31 119
5 120
5 121
5 122
5 123
10 124
26 125
30 126
21 127
27 128
6 129
6 130
6 131
6 132
6 133
6 134
6 135
6 136
6 137
28 138
27 139
13 140
10 141
15 142
20 143
29 144
7 145
7 146
7 147
7 148
7 149
7 150
10 151
14 152
8 153
8 154
22 155
24 156
10 157
14 158
22 159
24 160
27 161
10 162
26 163
30 164
16 165
18 166
23 167
14 168
25 169
27 170
12 171
12 172
25 173
27 174
31 175
13 176
14 177
16 178
24 179
23 180
10 181
10 182
10 183
10 184
10 185
11 186
23 187
12 188
12 189
12 190
13 191
13 192
13 193
13 194
13 195
13 196
13 197
13 198
13 199
14 200
14 201
14 202
14 203
14 204
14 205
14 206
14 207
25 208
27 209
28 210
29 211
24 212
27 213
18 214
20 215
30 216
21 217
25 218
28 219
29 220
15 221
15 222
15 223
15 224
15 225
15 226
24 227
25 228
30 229
20 230
30 231
22 232
24 233
16 234
16 235
16 236
16 237
18 238
23 239
28 240
29 241
17 242
18 243
18 244
18 245
18 246
19 247
24 248
25 249
27 250
25 251
29 252
28 253
29 254
20 255
22 256
21 257
21 258
21 259
21 260
23 261
23 262
23 263
23 264
24 265
24 266
25 267
26 268
30 269
27 270
28 271
29 272
29 273
31 274
28 275
30 276
0.500000
