289 402 0
0.158150 -0.083487 -0.009222
0.212630 -0.416960 -0.445460
-0.169780 -0.206390 -0.057782
0.434350 -0.444120 0.055664
-0.179990 -0.094258 0.255410
0.066325 0.199880 -0.271140
-0.269520 -0.140290 0.067463
-0.493000 -0.212600 -0.498900
-0.222870 -0.176930 -0.392550
0.089552 -0.380280 -0.167410
0.277520 -0.156380 -0.330560
0.454960 -0.251560 -0.347580
-0.112000 -0.139860 -0.191830
0.130990 0.460440 0.395470
-0.123520 0.440170 -0.189310
0.380530 -0.348670 0.364630
-0.495920 -0.046061 0.349140
0.078165 0.097675 -0.472620
0.018068 0.258820 -0.465150
0.489650 -0.296300 0.078805
-0.170410 0.431520 0.451250
0.238490 0.372560 -0.298410
-0.264670 0.005838 0.476760
0.379420 0.226780 0.344990
0.285230 0.276010 -0.441770
-0.410260 0.163820 0.137380
-0.387360 -0.051698 -0.261710
-0.088737 0.416930 0.096141
0.013387 -0.146730 0.337050
0.332110 -0.100050 -0.078571
0.413050 -0.227780 -0.167720
0.463550 -0.071027 -0.021546
-0.327750 0.059455 -0.188870
0.066163 0.494740 -0.292280
0.485700 -0.024868 -0.341120
0.240500 -0.141370 -0.157400
0.199500 0.500000 0.327220
0.325520 0.500000 -0.083074
0.398970 0.500000 0.188670
0.114140 0.500000 0.105870
0.080494 0.500000 -0.274980
-0.174660 0.500000 0.431160
-0.500000 -0.169850 -0.464850
-0.500000 0.112530 -0.132190
-0.500000 0.050137 -0.259890
-0.500000 0.082669 -0.245340
-0.000042 -0.500000 0.142310
0.273230 -0.500000 0.003265
0.500000 0.040028 -0.011304
0.029149 -0.420830 -0.500000
0.226290 -0.500000 -0.390230
0.199220 -0.458050 -0.500000
0.240820 -0.441190 -0.500000
0.147000 -0.500000 -0.494460
0.207450 -0.412980 -0.500000
0.263370 -0.500000 -0.113570
0.262880 -0.500000 -0.454450
0.123740 -0.333680 -0.500000
0.210580 -0.241690 -0.500000
0.165740 -0.500000 -0.449430
0.500000 -0.336930 -0.352880
0.460100 -0.500000 0.069896
-0.500000 -0.038131 0.355590
-0.316020 0.388040 0.500000
-0.500000 -0.045360 0.350180
-0.500000 -0.042515 0.347290
-0.500000 0.189760 0.142390
0.077140 -0.500000 -0.127980
0.349850 0.329760 -0.500000
-0.048575 -0.500000 0.126210
-0.172750 -0.500000 -0.044169
-0.500000 -0.204910 -0.223660
-0.500000 -0.173770 0.063564
-0.485370 -0.217170 -0.500000
-0.165480 -0.345880 -0.500000
-0.109010 -0.418620 -0.500000
0.410060 -0.500000 0.018389
0.480440 -0.500000 0.318230
0.500000 -0.430930 0.035195
0.500000 -0.438220 0.151570
0.334170 -0.500000 0.021930
0.500000 -0.475090 0.044510
0.500000 0.338040 0.287250
-0.043843 -0.500000 0.176490
-0.127700 -0.500000 0.303320
-0.386500 -0.500000 0.452240
-0.500000 -0.212380 0.311880
0.414540 0.293660 0.500000
-0.059114 -0.500000 0.150460
-0.155370 -0.500000 0.247270
-0.203760 -0.500000 -0.004555
-0.500000 -0.183910 -0.167580
-0.500000 -0.155690 0.092041
-0.500000 -0.213730 0.290740
0.014891 -0.500000 0.052238
0.093034 -0.500000 0.222210
-0.017878 -0.500000 0.190060
0.177470 0.500000 0.420730
0.299430 0.500000 0.443750
0.142100 -0.500000 -0.172690
0.375210 -0.500000 -0.275370
-0.179640 0.394960 0.500000
-0.264650 0.008491 0.500000
0.500000 0.190150 0.450710
-0.492120 -0.213110 -0.500000
-0.208620 0.500000 0.493040
0.481830 -0.500000 0.360390
0.487870 -0.500000 0.348340
0.132150 -0.500000 0.342310
-0.072919 -0.500000 0.325460
-0.190490 -0.500000 -0.154900
-0.023145 -0.500000 -0.111610
0.500000 0.372560 -0.030774
0.500000 0.295780 0.232130
0.500000 -0.211360 -0.373220
0.500000 -0.021841 -0.350430
0.500000 -0.276190 -0.376960
-0.280190 0.500000 0.448990
0.234300 -0.406450 0.500000
-0.245680 -0.037936 0.500000
-0.007142 -0.290780 0.500000
-0.500000 -0.212110 -0.485500
-0.491930 -0.212680 -0.500000
-0.494420 -0.211380 -0.500000
-0.500000 -0.219460 -0.496620
-0.492480 -0.216790 -0.500000
-0.492440 -0.210990 -0.500000
-0.495200 -0.212800 -0.500000
-0.500000 -0.210710 -0.497960
-0.500000 -0.085950 -0.493080
-0.500000 -0.196700 -0.310270
-0.500000 -0.129540 -0.270060
-0.250780 -0.194240 -0.500000
-0.245330 -0.064501 -0.500000
-0.107320 -0.191600 -0.500000
-0.219870 -0.162200 -0.500000
-0.500000 0.274250 -0.468860
0.115690 0.119560 -0.500000
0.073271 0.261740 -0.500000
0.308520 0.276550 -0.500000
0.442300 0.109890 -0.500000
0.243490 -0.500000 -0.029728
0.005988 -0.239430 -0.500000
0.069867 -0.500000 -0.265210
0.082722 -0.187550 -0.500000
0.219460 -0.149380 -0.500000
-0.408220 -0.500000 0.495470
-0.339290 -0.500000 0.464290
-0.256270 0.485480 0.500000
0.500000 0.248170 0.264580
0.455360 0.480650 -0.500000
0.446730 0.466740 -0.500000
-0.436630 -0.065884 0.500000
-0.267440 -0.001731 0.500000
0.178970 0.500000 -0.483380
0.241030 0.500000 -0.408090
0.255620 0.500000 -0.475980
0.075362 0.500000 -0.302600
-0.500000 -0.036720 0.348090
-0.500000 0.419140 0.354640
-0.500000 0.241710 0.187590
0.142210 0.481900 0.500000
-0.110880 0.448660 0.500000
0.252460 -0.273260 0.500000
-0.145370 0.347610 0.500000
-0.244290 -0.004166 0.500000
0.006373 -0.137280 0.500000
-0.492260 0.045248 0.500000
-0.262840 0.340540 0.500000
-0.301260 0.024033 0.500000
-0.469760 0.129030 0.500000
0.500000 -0.252930 -0.343430
0.500000 -0.269970 -0.303790
0.451670 -0.353440 -0.500000
0.299760 -0.500000 -0.033132
0.487860 -0.219750 -0.500000
0.474040 -0.500000 -0.405130
0.248840 -0.164750 -0.500000
-0.036418 -0.189500 -0.500000
0.181740 -0.147460 -0.500000
0.500000 -0.235440 -0.200550
0.500000 -0.091481 -0.052986
0.500000 -0.035524 -0.339970
0.129540 0.500000 0.379940
0.176030 0.305410 0.500000
0.112880 0.500000 0.425020
0.194740 0.389820 0.500000
0.500000 -0.293070 0.078286
0.500000 -0.082177 -0.013564
0.500000 -0.299370 0.074057
0.500000 -0.264970 -0.137840
0.500000 -0.108250 -0.024649
-0.082458 0.500000 0.411070
-0.016295 0.500000 0.171440
-0.185380 0.500000 -0.097702
-0.073551 0.500000 -0.431020
-0.500000 0.420540 -0.077698
-0.273520 0.500000 -0.208880
-0.164870 0.500000 -0.250530
-0.155480 0.500000 -0.205970
-0.121670 0.500000 -0.156170
-0.151950 0.500000 -0.210160
-0.500000 0.317030 -0.459200
0.375830 -0.410110 0.500000
0.188420 -0.313670 0.500000
-0.500000 -0.048126 0.346940
-0.500000 0.143530 -0.104800
-0.500000 0.114770 -0.233120
0.313100 -0.140420 0.500000
0.500000 -0.320890 0.364740
0.500000 -0.387080 0.349220
0.297520 -0.500000 0.062883
0.453730 -0.368560 0.500000
0.500000 -0.133030 0.207870
0.376340 -0.220430 0.500000
0.389960 0.185140 0.500000
0.049010 0.112250 -0.500000
-0.012778 0.262180 -0.500000
-0.243160 0.392350 0.500000
-0.500000 -0.050275 0.340300
-0.500000 -0.069438 0.344820
-0.500000 -0.047647 0.351760
-0.500000 -0.043694 0.353110
-0.225650 0.500000 0.373830
-0.382930 0.500000 0.161070
-0.178050 0.500000 0.120850
-0.068588 0.345850 0.500000
-0.196040 0.016824 0.500000
0.307790 0.154940 0.500000
0.132110 -0.024298 0.500000
0.079666 0.114180 -0.500000
0.055435 0.024623 -0.500000
0.141820 -0.021500 -0.500000
0.057880 0.082857 -0.500000
-0.046199 0.478430 -0.500000
0.024430 0.267480 -0.500000
-0.001977 0.226140 -0.500000
-0.500000 0.307810 -0.474490
0.500000 -0.294830 0.088799
0.500000 0.084056 0.350920
0.038843 0.500000 -0.339400
-0.500000 0.016382 0.122180
-0.500000 -0.108210 -0.076166
-0.500000 -0.076694 -0.009812
0.500000 -0.306340 0.098349
0.424700 0.166520 0.500000
0.260740 -0.500000 0.029770
0.284850 -0.500000 -0.001526
0.294220 -0.500000 -0.012633
0.278260 -0.500000 -0.008113
0.500000 -0.263040 0.079612
-0.081819 0.500000 0.472910
-0.147650 0.420240 0.500000
-0.189220 0.405690 0.500000
-0.153240 0.441780 0.500000
0.500000 0.185210 0.275980
-0.500000 -0.199010 0.332900
0.500000 0.281420 -0.233990
0.500000 0.110760 -0.059124
-0.500000 0.307330 0.026980
-0.500000 0.416960 -0.035434
-0.500000 0.315170 -0.094812
0.500000 -0.007054 -0.316490
-0.284180 0.500000 -0.082686
-0.430660 0.500000 -0.225710
-0.269300 0.014692 0.500000
0.500000 -0.040850 -0.429900
0.500000 0.260050 -0.275230
0.500000 0.141920 -0.171600
0.500000 0.018408 -0.321540
0.352060 0.238960 0.500000
0.500000 0.117290 0.198730
0.375370 0.112820 0.500000
0.500000 0.362310 0.477080
0.500000 0.262160 0.262080
0.500000 0.109350 0.095709
0.234720 -0.006820 -0.500000
0.057911 0.500000 -0.296710
0.500000 -0.041425 0.009139
-0.500000 0.251060 -0.440210
-0.094008 0.500000 0.076322
0.174430 -0.095303 0.500000
0.252240 -0.129080 -0.500000
0.500000 0.021269 -0.027433
0.063011 0.500000 -0.287020
0.060995 0.500000 -0.293080
0.500000 -0.017480 -0.017451
-0.500000 0.281650 -0.442650
0.500000 -0.006801 -0.269960
0 2
0 3
0 4
0 5
0 6
0 9
0 12
0 15
0 19
0 21
0 23
0 27
0 28
0 29
0 31
0 32
0 35
1 9
1 10
1 11
1 30
2 4
2 6
2 8
2 9
2 12
2 26
2 28
2 32
3 11
3 15
3 19
3 29
3 30
3 35
4 6
4 13
4 16
4 20
4 22
4 25
4 27
4 28
5 10
5 12
5 14
5 17
5 18
5 21
5 23
5 24
5 27
5 29
5 32
5 33
5 34
5 35
6 12
6 16
6 25
6 26
6 27
6 32
7 8
7 26
8 9
8 12
8 17
8 18
8 26
8 32
9 10
9 12
9 30
9 35
10 11
10 12
10 17
10 24
10 29
10 30
10 34
10 35
11 30
11 34
12 17
12 26
12 32
12 35
13 20
13 22
13 23
13 27
13 28
14 18
14 25
14 27
14 32
14 33
15 19
15 23
15 28
15 31
16 22
16 25
17 18
17 24
17 32
17 34
17 35
18 21
18 24
18 26
18 32
18 33
19 29
19 30
19 31
20 22
20 25
20 27
20 28
21 23
21 24
21 27
21 29
21 33
21 34
22 25
22 28
23 27
23 28
23 31
24 34
25 27
25 32
26 32
27 28
27 32
27 33
29 30
29 31
29 34
29 35
30 31
30 34
30 35
31 34
34 35
13 36
21 37
23 38
27 39
33 40
20 41
7 42
25 43
26 44
32 45
0 46
0 47
0 48
1 49
1 50
1 51
1 52
1 53
1 54
1 55
1 56
1 57
1 58
1 59
11 60
3 61
16 62
20 63
16 64
16 65
25 66
9 67
24 68
2 69
2 70
2 71
2 72
7 73
8 74
9 75
3 76
3 77
3 78
3 79
3 80
3 81
23 82
4 83
4 84
4 85
4 86
23 87
6 88
6 89
6 90
6 91
6 92
6 93
9 94
15 95
28 96
13 97
23 98
9 99
11 100
20 101
22 102
23 103
7 104
20 105
15 106
19 107
15 108
28 109
8 110
9 111
21 112
23 113
11 114
34 115
11 116
20 117
15 118
22 119
28 120
7 121
7 122
7 123
7 124
7 125
7 126
7 127
7 128
7 129
8 130
26 131
8 132
8 133
8 134
8 135
8 136
17 137
18 138
24 139
34 140
9 141
9 142
9 143
10 144
10 145
22 146
28 147
20 148
23 149
21 150
24 151
16 152
22 153
18 154
21 155
24 156
33 157
16 158
20 159
25 160
13 161
20 162
15 163
20 164
22 165
28 166
16 167
20 168
22 169
25 170
11 171
11 172
11 173
11 174
11 175
11 176
11 177
12 178
12 179
30 180
31 181
34 182
13 183
13 184
13 185
13 186
19 187
31 188
19 189
30 190
31 191
20 192
27 193
14 194
14 195
14 196
14 197
14 198
14 199
14 200
14 201
14 202
15 203
28 204
16 205
25 206
32 207
15 208
15 209
15 210
15 211
15 212
15 213
15 214
23 215
17 216
18 217
20 218
16 219
16 220
16 221
16 222
20 223
25 224
27 225
20 226
22 227
23 228
28 229
17 230
17 231
17 232
17 233
18 234
18 235
18 236
18 237
19 238
23 239
33 240
25 241
26 242
32 243
19 244
23 245
28 246
29 247
30 248
35 249
19 250
20 251
20 252
20 253
20 254
23 255
22 256
21 257
21 258
25 259
27 260
32 261
34 262
27 263
32 264
22 265
34 266
24 267
29 268
34 269
23 270
23 271
23 272
23 273
23 274
23 275
24 276
33 277
31 278
26 279
27 280
28 281
34 282
29 283
33 284
33 285
31 286
32 287
34 288
0.500000
