295 391 0
0.202840 -0.475120 0.406450
0.130100 0.063476 0.190200
-0.448040 0.324990 -0.328590
-0.290140 0.176830 -0.304270
-0.107750 -0.349720 -0.083524
-0.217010 -0.379320 -0.127330
-0.363140 -0.462680 0.100620
0.309660 0.463520 -0.056939
0.126460 -0.288300 -0.225790
0.005864 0.215540 0.246750
0.332570 -0.416350 0.321460
-0.324680 -0.496730 0.398410
-0.443200 -0.441300 0.002249
-0.260070 0.427680 -0.044650
-0.076428 -0.331500 -0.454250
-0.130310 -0.212520 0.075798
-0.455840 0.109680 0.028879
-0.462470 -0.041278 0.374100
0.444700 0.301100 0.001854
-0.436030 -0.365950 -0.147270
0.123130 -0.346120 -0.294740
-0.411690 0.477570 0.136900
0.090507 0.056424 0.323040
0.418520 -0.396140 0.295030
-0.076922 0.333100 -0.490720
0.405350 0.148960 0.464710
0.325760 -0.438920 0.287230
0.005663 -0.422520 0.479260
-0.377110 0.321880 -0.388030
0.080425 -0.474640 -0.135640
0.146350 0.005408 0.299630
-0.313060 0.045371 -0.038432
-0.149910 -0.190410 -0.137290
0.124160 -0.195840 -0.306280
-0.500000 0.100200 0.048385
-0.500000 0.339740 0.133620
-0.500000 0.485250 0.234980
-0.352250 -0.500000 0.114330
-0.323980 -0.500000 0.397000
0.191680 -0.500000 0.411640
0.159860 -0.500000 0.215380
0.189480 -0.500000 0.378680
0.150420 -0.463530 0.500000
0.253010 -0.500000 0.398030
0.242900 -0.463670 0.500000
0.176910 -0.500000 0.381800
0.216540 -0.500000 0.437860
-0.032455 -0.306060 -0.500000
-0.098061 -0.390500 -0.500000
-0.077879 0.331310 -0.500000
-0.402940 0.500000 0.169290
-0.500000 -0.376120 -0.159350
0.123440 -0.500000 0.057373
0.500000 0.134640 0.364780
-0.037100 0.080770 -0.500000
0.500000 0.030243 0.242570
-0.500000 -0.379020 -0.070671
-0.500000 -0.104870 -0.048793
-0.500000 -0.344200 -0.137090
-0.500000 -0.254660 -0.111720
-0.121140 -0.344010 -0.500000
-0.445510 0.500000 0.146950
-0.500000 0.298400 -0.422360
-0.500000 0.352970 -0.328360
-0.500000 0.257650 -0.354780
-0.500000 0.316160 -0.267500
-0.500000 0.213880 -0.322750
-0.465680 0.500000 -0.450580
-0.500000 0.477720 -0.273660
-0.500000 0.324820 -0.472330
-0.452390 0.500000 -0.336030
-0.082240 0.095939 -0.500000
-0.488310 0.217650 -0.500000
-0.500000 0.078186 -0.382900
-0.500000 0.019297 -0.305900
-0.312130 0.083650 -0.500000
0.500000 -0.134170 -0.254790
0.500000 0.243900 -0.046520
0.500000 -0.157280 -0.283130
0.500000 -0.095860 -0.287870
-0.500000 0.432900 0.170750
0.307070 0.500000 -0.152420
-0.321840 -0.500000 0.399200
0.007440 -0.500000 0.481550
-0.450600 0.500000 0.178500
0.382210 -0.115700 -0.500000
-0.273800 0.265730 0.500000
-0.388140 0.167310 0.500000
-0.227180 0.217630 0.500000
-0.324950 -0.500000 0.404380
-0.330210 -0.500000 0.396080
-0.036869 -0.261120 -0.500000
0.132910 -0.073380 -0.500000
0.315950 -0.226360 0.500000
0.190710 0.017533 0.500000
0.356110 -0.203110 0.500000
0.388570 0.121830 0.500000
0.034463 -0.383320 0.500000
0.224330 -0.009798 0.500000
0.304650 0.500000 -0.218760
-0.285850 -0.500000 -0.368070
-0.366180 -0.500000 -0.261480
-0.262950 -0.500000 -0.453420
-0.340580 -0.500000 -0.379330
0.094607 -0.500000 0.035551
-0.097857 -0.500000 -0.000592
0.500000 0.273160 -0.013837
0.500000 -0.478270 0.116710
0.500000 -0.463580 0.208020
0.500000 -0.488560 0.185690
-0.033723 -0.500000 -0.157610
-0.172650 -0.500000 -0.041040
-0.151440 -0.500000 -0.201650
-0.188650 -0.500000 -0.279040
-0.500000 0.130920 0.137510
-0.500000 0.015636 0.383510
-0.500000 0.347940 0.258330
0.003622 -0.317600 -0.500000
0.257690 -0.299640 -0.500000
0.254130 -0.219130 -0.500000
-0.053130 -0.500000 0.069863
-0.492700 -0.427230 0.500000
-0.488370 -0.500000 0.040098
-0.326300 -0.500000 0.105280
-0.500000 -0.214230 0.163510
0.374060 0.500000 -0.083566
0.272520 0.500000 -0.038880
0.299550 0.500000 0.029708
-0.019753 0.109300 -0.500000
0.095093 0.409080 -0.500000
0.500000 0.420460 -0.075860
0.326870 0.500000 -0.024747
0.341600 0.500000 -0.091724
0.480040 0.500000 -0.136380
0.351210 0.500000 -0.025061
0.500000 0.488090 0.119190
0.271230 0.500000 -0.071582
0.500000 0.370020 -0.356250
0.123490 -0.500000 0.027021
-0.264830 -0.500000 0.352170
0.105760 -0.500000 0.053980
0.175420 -0.500000 0.112930
0.097915 -0.500000 0.144170
0.103710 -0.500000 -0.033284
0.124120 -0.500000 0.062335
0.500000 -0.284110 0.023969
0.419260 -0.500000 -0.437920
0.500000 -0.021511 0.181500
0.295170 -0.500000 -0.235480
0.171580 -0.500000 -0.074608
-0.430510 0.500000 0.157300
0.272970 -0.500000 0.249880
0.077897 -0.500000 -0.114880
-0.000175 0.500000 0.170160
0.192150 0.500000 0.287070
0.052068 0.249220 0.500000
0.112130 0.500000 0.392050
0.027398 0.162080 0.500000
-0.151010 0.500000 0.451860
-0.336400 0.296230 0.500000
-0.206930 0.500000 -0.015126
-0.380940 0.500000 0.133840
-0.050036 0.500000 -0.268160
0.155080 -0.459590 0.500000
0.409590 -0.500000 0.331870
0.319030 -0.431960 0.500000
-0.446930 -0.447720 0.500000
-0.354640 -0.500000 0.349230
-0.263210 -0.448590 0.500000
-0.321510 -0.500000 0.394990
-0.322600 -0.500000 0.402560
-0.329450 -0.500000 0.398520
-0.366190 -0.344800 -0.500000
-0.500000 -0.363840 -0.259600
-0.500000 -0.479190 0.002453
-0.373950 -0.500000 0.027898
-0.500000 -0.293690 0.076852
-0.495800 -0.311040 0.500000
-0.208550 0.500000 -0.382880
-0.500000 0.344670 -0.063981
-0.348710 0.500000 -0.089594
-0.248870 0.500000 -0.073381
-0.338920 0.500000 -0.164310
-0.058810 -0.096284 -0.500000
0.110080 -0.470330 -0.500000
-0.148530 -0.356790 -0.500000
-0.500000 -0.147020 -0.343620
0.094744 -0.500000 -0.358200
-0.137350 -0.388260 -0.500000
-0.113470 -0.500000 -0.470700
-0.039955 -0.367900 -0.500000
-0.125640 -0.269760 -0.500000
0.009445 -0.344670 -0.500000
-0.160320 -0.397240 -0.500000
0.407890 -0.310510 -0.500000
0.401030 -0.242650 -0.500000
-0.086203 0.352720 -0.500000
-0.266510 0.444820 -0.500000
0.500000 0.183340 0.272160
0.500000 0.140540 0.391010
0.500000 0.131220 0.370480
-0.443340 -0.040474 0.500000
0.500000 -0.364730 0.260170
-0.500000 -0.069299 0.181210
-0.500000 0.148000 0.006194
-0.500000 0.062821 -0.051566
-0.500000 0.067335 0.083835
-0.372150 0.294510 0.500000
-0.072556 0.335500 -0.500000
-0.500000 -0.443430 -0.073329
0.422660 0.151880 0.500000
0.332560 0.500000 0.192790
0.301640 0.500000 0.343260
-0.500000 -0.067647 0.392780
-0.335100 -0.175850 0.500000
-0.032925 -0.154300 0.500000
-0.011334 -0.416470 0.500000
0.385270 -0.500000 -0.442410
0.016635 -0.420620 0.500000
0.088944 -0.500000 -0.145070
-0.500000 -0.035391 0.422780
-0.013862 0.095794 -0.500000
-0.070271 0.279910 -0.500000
-0.123780 0.138360 -0.500000
-0.054578 0.057942 -0.500000
-0.019771 0.039581 -0.500000
-0.489430 0.283470 -0.500000
0.430530 0.166560 0.500000
0.097009 -0.448650 0.500000
0.144490 -0.438370 0.500000
0.087451 0.164540 0.500000
0.352040 0.169520 0.500000
0.470150 -0.500000 0.318020
0.390260 -0.500000 0.305920
-0.429280 0.053227 0.500000
-0.500000 -0.038228 0.329840
-0.237590 0.034918 0.500000
-0.382790 0.249650 0.500000
0.106620 0.390730 -0.500000
0.500000 0.173260 0.117300
0.500000 0.320560 -0.021152
0.500000 0.346250 0.067013
0.500000 0.305360 -0.173790
-0.058061 0.342170 -0.500000
0.079610 0.258740 -0.500000
-0.500000 0.410910 0.061426
-0.498740 0.500000 0.278110
0.354660 -0.424370 0.500000
-0.500000 -0.278230 -0.197320
-0.500000 -0.463220 -0.148560
-0.500000 -0.029671 -0.191890
-0.500000 -0.115830 -0.258470
0.244540 0.500000 0.470680
0.141920 -0.500000 -0.319590
0.265440 -0.500000 -0.275380
0.167150 -0.500000 -0.105810
-0.500000 0.416230 0.158690
-0.429120 0.500000 0.099349
-0.370340 0.500000 0.211860
-0.370640 0.314200 0.500000
-0.400320 0.500000 0.118020
-0.448830 0.500000 -0.465280
0.063987 0.095126 0.500000
-0.015100 -0.500000 0.397580
0.065392 -0.500000 -0.110400
0.500000 -0.161170 0.270810
0.270880 -0.500000 0.089170
0.500000 -0.489360 0.345260
0.500000 -0.413860 0.306600
0.500000 0.074852 0.337910
0.500000 0.021526 0.259060
0.500000 -0.007751 0.170100
0.102480 -0.500000 -0.198110
0.049796 -0.500000 -0.182360
-0.098642 0.347320 -0.500000
-0.376540 0.422400 -0.500000
-0.088682 0.317470 -0.500000
-0.106350 0.500000 -0.421870
-0.307730 0.500000 -0.399050
-0.070163 0.332590 -0.500000
0.337990 0.145310 0.500000
0.500000 0.263980 0.416100
-0.500000 -0.003466 0.122680
0.390440 -0.500000 0.253700
0.254940 -0.500000 0.127560
-0.011640 -0.452040 0.500000
0.009773 -0.357700 0.500000
0.086879 0.075051 0.500000
-0.361270 0.200810 -0.500000
-0.269860 -0.071809 -0.500000
-0.455350 0.322990 -0.500000
-0.392650 0.500000 -0.443950
-0.425880 0.500000 -0.358320
0.111090 -0.500000 -0.104880
0.500000 0.195630 -0.481980
0 10
0 15
0 26
0 27
0 30
1 3
1 7
1 8
1 9
1 13
1 15
1 18
1 22
1 23
1 24
1 25
1 26
1 30
1 31
1 32
1 33
2 3
2 13
2 16
2 28
3 7
3 13
3 14
3 16
3 24
3 28
3 31
3 32
3 33
4 5
4 6
4 8
4 14
4 15
4 20
4 29
4 32
5 6
5 12
5 14
5 15
5 19
5 29
5 32
6 11
6 12
6 15
6 17
6 27
7 9
7 13
7 18
7 24
7 33
8 14
8 15
8 18
8 20
8 23
8 26
8 29
8 32
8 33
9 13
9 15
9 16
9 17
9 18
9 21
9 22
9 25
9 31
10 23
10 26
10 30
11 15
11 17
11 27
12 15
12 19
12 31
13 16
13 21
13 24
13 28
13 31
14 19
14 20
14 29
14 32
14 33
15 17
15 19
15 22
15 26
15 27
15 30
15 31
15 32
16 17
16 21
16 31
17 22
17 27
17 31
18 25
18 33
19 31
19 32
20 29
20 32
20 33
22 25
22 27
22 30
23 25
23 26
23 30
24 28
24 33
25 30
26 30
27 30
31 32
32 33
16 34
21 35
21 36
6 37
11 38
0 39
0 40
0 41
0 42
0 43
0 44
0 45
0 46
14 47
14 48
24 49
21 50
19 51
1 52
1 53
1 54
1 55
12 56
16 57
19 58
31 59
14 60
21 61
2 62
2 63
2 64
2 65
2 66
2 67
2 68
2 69
2 70
3 71
3 72
3 73
3 74
3 75
8 76
18 77
20 78
33 79
21 80
7 81
11 82
27 83
21 84
33 85
9 86
17 87
22 88
11 89
11 90
14 91
33 92
10 93
22 94
23 95
25 96
27 97
30 98
7 99
5 100
12 101
14 102
19 103
4 104
4 105
18 106
8 107
23 108
26 109
5 110
5 111
5 112
5 113
16 114
17 115
21 116
14 117
20 118
33 119
6 120
6 121
6 122
6 123
6 124
7 125
7 126
7 127
7 128
7 129
7 130
7 131
7 132
7 133
7 134
7 135
7 136
7 137
8 138
11 139
15 140
26 141
27 142
29 143
30 144
8 145
8 146
8 147
8 148
8 149
21 150
26 151
29 152
9 153
9 154
9 155
9 156
9 157
9 158
9 159
13 160
21 161
24 162
10 163
10 164
10 165
11 166
11 167
11 168
11 169
11 170
11 171
14 172
19 173
12 174
12 175
12 176
17 177
13 178
13 179
13 180
13 181
13 182
14 183
14 184
14 185
14 186
14 187
14 188
14 189
14 190
14 191
14 192
14 193
20 194
33 195
24 196
28 197
18 198
25 199
30 200
17 201
23 202
15 203
16 204
16 205
16 206
16 207
24 208
19 209
25 210
18 211
25 212
17 213
17 214
22 215
27 216
20 217
27 218
29 219
17 220
18 221
24 222
28 223
32 224
33 225
28 226
25 227
27 228
30 229
22 230
25 231
23 232
26 233
17 234
17 235
17 236
17 237
18 238
18 239
18 240
18 241
18 242
24 243
33 244
21 245
21 246
23 247
19 248
19 249
31 250
32 251
25 252
20 253
20 254
20 255
21 256
21 257
21 258
21 259
21 260
28 261
22 262
27 263
29 264
23 265
23 266
23 267
23 268
25 269
30 270
33 271
29 272
29 273
24 274
28 275
24 276
24 277
24 278
24 279
25 280
25 281
31 282
26 283
26 284
27 285
27 286
30 287
28 288
32 289
28 290
28 291
28 292
29 293
33 294
0.500000
