265 370 0
0.332270 0.384390 -0.026059
-0.255820 -0.075125 0.322320
-0.388330 0.391580 0.460210
-0.379850 0.000775 0.254570
0.224730 -0.084158 0.431590
0.101250 -0.142780 0.156220
0.170010 -0.168940 -0.239490
-0.291500 -0.065018 0.034134
0.084197 0.209050 -0.080280
-0.278540 -0.257010 -0.090138
0.349550 -0.378070 0.305150
-0.492360 -0.349710 -0.123450
0.188080 0.154710 0.331180
0.446010 0.024411 0.010934
-0.240610 0.277780 0.408380
0.117160 0.444330 0.331720
-0.068176 -0.443000 0.475950
-0.315340 0.280110 -0.384970
0.047821 -0.090641 -0.179050
-0.496020 -0.092734 -0.275640
-0.091885 0.105130 -0.405400
0.131350 -0.110320 0.213950
0.497290 0.277290 0.448820
0.327350 0.354570 0.014636
0.173720 -0.408860 0.218680
0.467950 0.035013 -0.062837
-0.250960 0.380550 -0.019237
-0.403230 -0.417820 0.338180
-0.405150 0.033679 -0.411690
0.082181 0.285880 -0.294100
-0.006578 -0.122500 -0.437940
0.025868 0.224620 -0.439520
0.400460 0.142280 -0.360180
0.473790 0.241940 0.500000
-0.500000 -0.355060 -0.121590
-0.500000 -0.451310 0.234580
0.209770 0.013889 0.500000
0.215440 0.012026 0.500000
0.214830 0.016605 0.500000
0.205140 0.020697 0.500000
0.214560 0.014026 0.500000
0.204190 -0.379330 -0.500000
0.076384 -0.248940 -0.500000
0.015935 0.500000 0.045337
-0.084594 0.500000 0.052804
-0.134010 0.500000 0.132100
-0.007353 0.500000 0.191540
-0.005066 0.500000 0.059687
-0.150760 0.500000 0.047918
0.314590 0.500000 -0.103180
0.082213 0.500000 -0.133770
0.418570 0.500000 -0.052340
0.283320 0.500000 0.002350
0.500000 0.236910 0.065940
0.160950 0.500000 -0.296580
0.050718 -0.091535 -0.500000
0.076980 0.201970 -0.500000
0.388850 0.122850 -0.500000
-0.378490 0.393460 0.500000
-0.246760 0.302100 0.500000
-0.281780 -0.096502 0.500000
-0.500000 0.003809 0.382520
-0.004806 -0.309270 -0.500000
-0.359530 0.237900 0.500000
-0.462600 0.500000 0.306380
-0.416820 0.500000 0.319450
-0.436610 0.377160 0.500000
-0.380200 0.500000 0.365030
-0.299840 0.500000 0.470130
-0.394490 0.403420 0.500000
-0.421800 0.390020 0.500000
-0.500000 0.169530 0.423660
-0.457730 0.441550 0.500000
0.198730 -0.234160 -0.500000
0.040857 -0.157700 -0.500000
0.336220 -0.017963 -0.500000
-0.442870 -0.500000 -0.258080
-0.144540 0.287650 0.500000
-0.317520 -0.078420 0.500000
-0.481990 0.500000 0.249540
-0.420750 0.500000 0.289710
-0.500000 0.070913 0.158050
-0.500000 0.017189 0.345780
-0.500000 -0.038609 0.174080
-0.000563 -0.094173 0.500000
0.500000 0.096423 0.293050
0.500000 -0.052931 0.309650
0.500000 -0.240410 0.339300
0.342790 -0.070722 0.500000
0.183040 -0.137180 0.500000
0.323370 -0.228710 0.500000
0.183960 -0.500000 0.466430
0.303340 0.073651 0.500000
0.227370 -0.033411 0.500000
-0.500000 0.484070 0.030197
0.060158 -0.500000 0.238630
-0.037737 -0.500000 0.165820
0.175980 -0.500000 0.278440
-0.021895 -0.500000 0.390990
0.110950 -0.500000 0.239160
-0.185030 -0.500000 0.300080
0.194700 -0.500000 0.169060
0.100660 -0.500000 -0.142570
0.500000 -0.390840 -0.212610
0.112870 -0.500000 -0.208940
-0.472230 -0.500000 -0.201740
-0.136220 -0.431760 0.500000
-0.408190 -0.398140 0.500000
0.500000 0.015474 -0.426740
0.500000 0.304190 -0.453530
0.500000 0.226500 -0.426230
-0.500000 -0.365280 0.344760
-0.345830 0.500000 0.015868
-0.500000 0.062209 -0.020333
-0.500000 -0.099709 -0.006230
-0.268060 0.082859 0.500000
-0.116250 -0.371800 0.500000
-0.333390 -0.217740 0.500000
0.500000 0.162390 0.263230
0.500000 0.072295 0.089140
0.500000 0.274450 0.443560
0.500000 0.113180 -0.412780
-0.063309 0.500000 -0.184240
0.073125 0.500000 0.388260
0.500000 0.296040 0.489960
-0.254340 -0.500000 -0.241500
-0.153020 -0.121530 -0.500000
0.014379 -0.500000 -0.176850
-0.337870 -0.272870 -0.500000
-0.291750 -0.500000 -0.036553
-0.167100 0.500000 -0.263990
-0.168510 0.500000 -0.132400
-0.052561 0.500000 -0.238470
-0.429830 0.500000 0.181370
0.500000 -0.280450 0.324110
0.383900 -0.102970 0.500000
0.451070 -0.500000 0.253380
0.500000 -0.408890 0.378270
0.439140 -0.440210 0.500000
0.500000 -0.402210 -0.144420
0.248920 -0.500000 0.402560
0.500000 0.276610 0.451350
-0.500000 -0.361440 -0.143390
-0.400490 -0.500000 -0.225490
-0.500000 -0.350610 -0.124550
-0.500000 -0.358110 -0.122600
-0.500000 -0.358850 -0.122830
-0.387020 -0.294370 -0.500000
-0.366460 -0.500000 -0.055789
-0.500000 -0.313450 -0.073047
-0.500000 -0.346010 -0.122580
0.044681 0.500000 0.334370
-0.500000 0.159160 -0.448370
-0.500000 -0.088781 -0.281420
-0.500000 0.044082 -0.445840
0.129840 0.500000 0.307930
-0.500000 -0.400700 0.396280
-0.500000 0.381660 -0.354770
-0.346000 0.261850 -0.500000
-0.412410 0.067361 -0.500000
-0.071173 -0.455290 0.500000
0.285860 0.500000 0.137340
0.469260 0.500000 0.040875
0.423520 0.500000 -0.042658
0.380890 0.500000 -0.114330
0.453350 0.500000 -0.106720
-0.187600 0.161650 -0.500000
-0.073892 0.074459 -0.500000
-0.257290 0.033976 -0.500000
-0.021224 -0.070050 -0.500000
0.000810 0.162110 -0.500000
0.161130 0.085011 -0.500000
-0.406320 0.500000 0.301670
-0.396120 0.500000 0.243440
0.040444 0.259440 -0.500000
0.361340 -0.035596 0.500000
0.197870 0.370650 0.500000
0.500000 0.194180 0.118230
0.315210 0.144600 0.500000
0.500000 0.010952 0.062714
0.500000 -0.151700 0.208060
0.500000 0.122440 0.054758
0.500000 -0.280360 -0.146160
0.500000 -0.006956 -0.022336
0.068568 0.398460 -0.500000
0.030294 0.283090 -0.500000
-0.125900 -0.500000 0.468970
-0.331580 -0.500000 0.388620
-0.182580 0.500000 -0.360680
-0.052239 0.500000 -0.330830
-0.078551 0.500000 -0.374120
-0.166460 0.343240 0.500000
0.158680 0.372850 0.500000
-0.335420 0.500000 0.321550
-0.218330 0.500000 0.456090
-0.027848 0.174940 0.500000
-0.500000 0.081287 0.401970
0.136250 0.500000 0.268270
0.273340 0.500000 0.029670
0.500000 0.024548 -0.017498
0.500000 -0.246900 0.318890
-0.427070 0.015749 -0.500000
0.500000 0.274190 0.446000
0.258550 0.329490 -0.500000
0.111750 0.254780 -0.500000
0.428840 0.226930 -0.500000
0.425700 0.051545 0.500000
0.138920 0.500000 0.384240
0.194230 0.385490 0.500000
0.010727 0.500000 0.380590
0.286060 0.500000 0.414550
-0.060862 -0.434830 0.500000
-0.035605 -0.500000 0.496970
0.026635 -0.500000 0.475150
-0.500000 0.273960 -0.284800
-0.285180 0.414300 -0.500000
-0.313780 0.499890 -0.500000
-0.379580 0.500000 -0.275470
-0.172790 0.500000 -0.345260
-0.500000 -0.097355 -0.273760
-0.500000 -0.406820 0.196370
0.092702 -0.500000 -0.198890
0.308970 -0.500000 0.201620
-0.500000 -0.473910 0.206030
0.243590 0.366430 0.500000
-0.423320 -0.500000 0.401560
-0.223220 -0.095177 -0.500000
-0.500000 -0.088481 -0.273610
-0.500000 -0.092049 -0.277070
-0.402750 -0.214510 -0.500000
-0.500000 -0.093462 -0.273590
-0.112540 -0.005647 -0.500000
-0.207670 0.343640 -0.500000
0.500000 0.272630 0.427280
0.500000 0.230170 0.074507
0.500000 0.105780 0.002564
0.500000 0.182430 -0.045176
-0.321100 0.500000 0.155860
0.500000 -0.405970 -0.183420
0.500000 -0.225330 -0.150230
0.500000 -0.305780 -0.238050
-0.257990 -0.035534 -0.500000
-0.061319 -0.110700 -0.500000
0.500000 0.056931 -0.072413
-0.500000 0.329910 -0.056739
-0.500000 0.084987 -0.343360
0.500000 0.278100 0.446360
0.396720 0.192490 0.500000
0.500000 0.284970 0.451760
-0.133810 0.359140 -0.500000
0.174470 -0.500000 0.347590
0.132710 -0.500000 -0.017287
-0.071220 -0.500000 0.095299
0.500000 0.014092 -0.076658
0.500000 0.061877 -0.134400
-0.373050 0.500000 -0.253480
-0.350270 -0.500000 0.161730
-0.500000 -0.162300 0.373810
-0.500000 -0.365880 0.253140
0.083486 -0.500000 -0.239850
-0.383290 -0.100900 -0.500000
-0.042757 0.500000 -0.315600
-0.128030 -0.176540 -0.500000
0.500000 0.061302 -0.320440
0.500000 0.158380 -0.398310
0 8
0 23
0 25
0 29
0 32
1 3
1 4
1 5
1 7
1 8
1 9
1 12
1 14
1 16
1 21
1 27
2 3
2 14
3 7
3 11
3 14
3 19
3 26
3 27
4 10
4 12
4 13
4 16
4 21
4 24
5 6
5 7
5 8
5 9
5 10
5 13
5 16
5 18
5 21
5 24
5 27
6 8
6 13
6 18
6 24
6 25
6 29
6 30
6 31
6 32
7 8
7 9
7 11
7 14
7 17
7 18
7 19
7 20
7 21
7 26
7 27
7 28
8 12
8 13
8 14
8 15
8 18
8 20
8 21
8 23
8 25
8 26
8 29
8 32
9 11
9 18
9 19
9 20
9 24
9 27
9 28
9 30
10 13
10 16
10 21
10 24
11 19
11 27
12 13
12 14
12 15
12 21
12 22
12 23
13 18
13 21
13 23
13 24
13 25
14 15
14 26
15 22
15 23
15 26
16 21
16 24
16 27
17 19
17 20
17 26
17 28
17 29
17 31
18 20
18 25
18 29
18 30
18 31
18 32
19 26
19 28
19 30
20 26
20 28
20 29
20 30
20 31
21 24
22 23
23 25
25 32
26 29
28 30
29 31
29 32
30 31
30 32
31 32
22 33
11 34
27 35
1 36
4 37
12 38
14 39
21 40
6 41
30 42
0 43
8 44
14 45
15 46
23 47
26 48
0 49
0 50
0 51
0 52
0 53
29 54
30 55
31 56
32 57
2 58
14 59
1 60
1 61
30 62
2 63
2 64
2 65
2 66
2 67
2 68
2 69
2 70
2 71
2 72
6 73
30 74
32 75
11 76
14 77
3 78
3 79
3 80
3 81
3 82
3 83
4 84
4 85
4 86
4 87
4 88
4 89
4 90
4 91
4 92
4 93
26 94
5 95
9 96
10 97
16 98
24 99
27 100
24 101
5 102
6 103
6 104
11 105
16 106
27 107
32 108
29 109
32 110
27 111
26 112
7 113
7 114
14 115
16 116
27 117
12 118
13 119
22 120
32 121
8 122
15 123
22 124
9 125
9 126
9 127
9 128
9 129
17 130
26 131
29 132
26 133
10 134
10 135
10 136
10 137
10 138
10 139
10 140
22 141
11 142
11 143
11 144
11 145
11 146
11 147
11 148
11 149
11 150
15 151
17 152
19 153
28 154
15 155
27 156
17 157
17 158
28 159
16 160
15 161
22 162
23 163
29 164
32 165
17 166
20 167
28 168
30 169
31 170
32 171
14 172
26 173
31 174
12 175
12 176
12 177
12 178
13 179
13 180
13 181
13 182
13 183
29 184
31 185
16 186
27 187
17 188
29 189
31 190
14 191
14 192
14 193
14 194
14 195
14 196
15 197
23 198
25 199
21 200
28 201
22 202
29 203
31 204
32 205
22 206
15 207
15 208
15 209
15 210
16 211
16 212
16 213
17 214
17 215
17 216
17 217
17 218
19 219
27 220
18 221
24 222
27 223
22 224
27 225
19 226
19 227
19 228
19 229
19 230
20 231
20 232
22 233
23 234
25 235
32 236
26 237
24 238
25 239
32 240
28 241
30 242
25 243
26 244
28 245
22 246
22 247
22 248
31 249
24 250
24 251
24 252
25 253
25 254
26 255
27 256
27 257
27 258
30 259
28 260
29 261
30 262
32 263
32 264
0.500000
