291 392 0
-0.422070 -0.313780 -0.220660
-0.234090 -0.143460 0.462010
-0.335660 0.448270 0.400800
0.283940 0.493840 -0.351370
0.485120 0.224020 0.149800
-0.228420 -0.148180 0.096151
0.414070 0.083128 -0.282240
-0.032006 -0.228100 0.229450
0.437210 0.202550 -0.497480
-0.370900 -0.316270 -0.419500
-0.446060 -0.466870 0.442500
0.276960 0.141630 -0.004257
0.187670 0.232220 -0.262920
-0.106090 -0.381170 0.319600
0.413620 -0.261700 0.083288
-0.122770 -0.156660 -0.168780
0.157230 0.100780 0.290660
-0.054278 -0.421130 0.334630
0.347780 -0.436130 0.097171
-0.364830 0.186990 0.088303
-0.006644 0.054604 0.131910
0.290640 0.109590 -0.255940
0.404630 -0.252470 -0.053488
-0.226370 0.088211 -0.113500
0.062710 -0.225590 0.162410
-0.073181 -0.378610 0.271440
-0.131210 0.043340 0.448390
0.203580 0.130490 0.074978
-0.375280 0.190620 -0.358330
0.178890 -0.245710 0.268950
-0.319540 0.194770 -0.308310
0.478820 -0.428890 0.219020
-0.326750 -0.234420 -0.274100
0.277440 -0.154490 -0.213210
0.080466 -0.483010 0.118190
-0.068038 -0.020606 -0.103390
-0.403110 -0.500000 0.428780
-0.113560 -0.500000 0.327090
-0.073915 -0.500000 0.336220
-0.092698 -0.500000 0.296510
0.065142 -0.500000 0.134610
-0.500000 0.116260 0.289960
-0.500000 0.146570 0.290230
-0.500000 0.116290 0.275850
-0.500000 0.131230 0.268610
-0.500000 0.124410 0.287680
-0.303410 -0.500000 -0.296220
-0.500000 -0.332620 -0.241230
-0.391940 -0.500000 0.006352
-0.500000 -0.273740 -0.236510
-0.354400 -0.500000 -0.176120
-0.500000 -0.397500 -0.100540
-0.500000 -0.392670 -0.203000
-0.500000 -0.219270 -0.088958
-0.500000 -0.244730 -0.345380
-0.500000 -0.299610 -0.026018
-0.500000 -0.440660 -0.357090
0.500000 -0.035054 -0.231670
0.500000 -0.270630 0.017784
0.500000 -0.370120 -0.002005
0.500000 -0.265160 -0.077007
0.500000 -0.414620 0.183960
0.500000 -0.228330 -0.163800
-0.317260 0.500000 0.460400
0.500000 0.218660 0.134900
-0.236020 -0.137370 0.500000
-0.149870 0.021955 0.500000
-0.249300 -0.132170 0.500000
-0.500000 -0.190120 0.455930
-0.240820 -0.205830 0.500000
-0.500000 -0.238840 0.316290
-0.063520 -0.257980 0.500000
-0.288230 -0.500000 -0.356780
-0.227120 -0.500000 -0.298490
-0.269290 -0.500000 -0.316240
0.022892 -0.500000 0.040673
0.500000 0.199680 0.185970
0.063230 0.485890 -0.500000
0.423040 0.210400 -0.500000
0.002230 0.414500 -0.500000
-0.183280 0.370830 -0.500000
-0.144790 0.391960 -0.500000
-0.321870 0.500000 0.412260
-0.500000 0.409560 0.244270
-0.306550 0.500000 0.312210
-0.410580 0.449420 0.500000
-0.266380 0.388420 0.500000
-0.500000 0.459220 0.327080
-0.135980 0.500000 0.364340
0.065488 0.459560 0.500000
-0.396950 0.500000 0.427750
-0.343270 0.500000 0.355430
0.500000 0.493240 0.012086
0.500000 0.341780 0.103630
0.500000 0.418530 -0.015181
0.500000 0.465420 0.040430
-0.102840 -0.066909 -0.500000
-0.098061 -0.062340 -0.500000
-0.099404 -0.063943 -0.500000
-0.097655 -0.062904 -0.500000
-0.099675 -0.063236 -0.500000
-0.101360 -0.061773 -0.500000
-0.100530 -0.062237 -0.500000
-0.100390 -0.064440 -0.500000
-0.097952 -0.063981 -0.500000
-0.099247 -0.063534 -0.500000
0.066942 -0.500000 -0.432010
0.102970 -0.500000 -0.418260
0.139100 -0.500000 -0.403870
0.084378 -0.500000 -0.421820
0.125860 -0.500000 -0.420880
-0.500000 0.192370 -0.430770
-0.410390 -0.326840 -0.500000
0.445160 0.203880 -0.500000
-0.500000 -0.342930 -0.388550
-0.500000 0.283480 0.103180
-0.500000 0.281510 -0.127730
-0.500000 0.300480 -0.062844
-0.075190 0.500000 -0.058640
-0.268400 0.500000 0.066216
-0.167980 0.500000 0.074841
-0.223350 0.500000 0.010525
-0.099404 0.500000 0.061222
-0.254280 0.500000 -0.064181
-0.167360 0.028348 0.500000
0.291090 0.500000 -0.359450
0.500000 0.298670 -0.371530
0.290620 0.500000 -0.344850
0.303080 0.500000 -0.038150
0.294590 0.500000 -0.364470
0.380330 0.478600 -0.500000
0.293560 0.500000 -0.354640
0.279530 0.500000 -0.348620
0.270870 0.500000 -0.363670
0.346160 -0.500000 0.194000
0.280220 -0.500000 0.368820
0.435980 -0.500000 0.285170
0.106230 -0.500000 0.148880
0.500000 0.227470 0.154520
0.500000 -0.015744 0.220340
0.500000 0.207300 0.136750
0.500000 0.216960 0.110750
0.500000 0.359770 0.197940
0.307240 0.500000 0.018756
0.254520 0.500000 0.269610
0.500000 0.218310 0.153900
0.282280 0.436450 0.500000
0.500000 0.174630 0.197140
-0.399950 0.217400 -0.500000
0.076390 -0.500000 0.103220
-0.453120 -0.500000 0.415130
-0.249510 0.177740 0.500000
-0.326440 -0.500000 0.160480
-0.431820 -0.500000 0.396090
-0.222350 -0.500000 0.261010
-0.205610 -0.500000 0.233800
0.034500 -0.500000 0.125310
-0.500000 0.091959 -0.031440
-0.500000 -0.010696 -0.201260
-0.500000 0.099711 -0.340530
-0.500000 -0.192320 -0.282710
0.087469 0.131360 0.500000
-0.117560 0.061407 0.500000
-0.500000 -0.047497 0.187310
-0.500000 -0.240820 0.208290
0.060601 -0.500000 0.104640
0.442960 0.140260 -0.500000
0.500000 0.017481 -0.348180
0.500000 0.047633 -0.220890
0.500000 0.096636 -0.315520
0.306810 0.500000 0.017433
0.160620 -0.103940 -0.500000
0.437650 0.201950 -0.500000
0.053949 -0.332030 0.500000
-0.014743 -0.500000 0.341000
-0.013499 -0.500000 0.341460
-0.013378 -0.500000 0.339130
-0.007325 -0.500000 0.340500
0.009652 -0.500000 0.291480
-0.326720 0.237080 -0.500000
0.500000 -0.250970 0.117490
0.500000 -0.266780 0.087571
0.500000 -0.420490 0.212240
0.500000 -0.426130 0.218390
-0.088496 0.500000 -0.297280
-0.302460 0.500000 -0.332860
-0.282960 0.500000 -0.315160
0.500000 -0.054020 0.229620
0.500000 -0.062029 0.228040
0.500000 -0.055081 0.232680
0.500000 -0.061259 0.224920
0.500000 -0.054654 0.230930
0.500000 -0.057694 0.232540
0.500000 -0.095734 0.230850
0.435870 0.202780 -0.500000
0.494750 0.129680 -0.500000
0.500000 0.183720 -0.470660
0.438110 0.205730 -0.500000
0.500000 0.439380 -0.471270
0.433030 0.201250 -0.500000
0.426150 0.191350 -0.500000
0.424750 0.215360 -0.500000
-0.427650 -0.466680 0.500000
-0.336390 -0.236720 -0.500000
-0.372060 -0.390550 -0.500000
-0.250650 -0.326760 -0.500000
-0.500000 -0.225910 -0.468680
-0.380370 -0.277750 -0.500000
-0.500000 -0.479240 -0.486810
-0.155250 -0.246150 -0.500000
-0.500000 0.143600 -0.005938
-0.500000 0.148900 -0.339360
-0.500000 -0.492510 0.366750
-0.500000 -0.481900 0.472910
-0.449490 -0.500000 0.434130
-0.500000 -0.406190 0.444870
-0.346170 -0.478250 0.500000
-0.475020 -0.434490 0.500000
-0.319530 -0.335700 0.500000
-0.500000 -0.406010 0.381610
-0.436920 -0.500000 0.474480
-0.500000 -0.461590 0.437480
-0.445120 -0.500000 0.475740
-0.411570 -0.463790 0.500000
0.500000 -0.148610 -0.365560
0.500000 0.048570 -0.032246
0.306440 0.500000 0.018161
0.306040 0.500000 0.017071
0.100400 0.153430 -0.500000
0.182730 0.500000 -0.278590
0.096540 -0.069834 -0.500000
-0.322030 0.136240 -0.500000
-0.500000 0.123680 0.155050
0.403900 -0.500000 0.082963
0.500000 -0.478000 0.188870
-0.488030 0.500000 -0.130380
-0.489510 0.500000 -0.203160
-0.480020 0.500000 -0.195210
0.245080 -0.092602 0.500000
-0.027411 -0.024780 0.500000
0.258190 -0.248620 0.500000
0.378240 -0.318220 0.500000
-0.076809 -0.448380 0.500000
-0.224890 -0.278930 0.500000
0.040081 -0.348020 0.500000
0.148510 -0.500000 0.012704
0.248680 -0.500000 0.060124
0.215070 -0.500000 0.022230
0.166180 -0.500000 0.052452
0.192790 -0.500000 0.007937
0.109420 -0.500000 0.094625
0.500000 -0.201580 0.043381
0.500000 -0.316380 0.187810
0.027624 -0.171000 -0.500000
-0.290700 0.318070 -0.500000
0.171720 0.070362 0.500000
0.273320 0.007884 0.500000
0.180240 0.500000 0.303120
0.237200 0.398260 0.500000
0.500000 -0.076613 0.442690
0.074078 -0.290250 0.500000
-0.500000 0.166280 0.010274
-0.500000 0.170330 -0.331210
-0.051710 -0.465850 0.500000
-0.214600 -0.287020 0.500000
0.045847 -0.354240 0.500000
0.500000 -0.190710 -0.055561
0.296720 -0.500000 0.128840
0.414700 -0.500000 0.069128
0.500000 -0.438950 0.241220
-0.365710 0.500000 0.175550
-0.095470 0.039550 0.500000
0.154880 0.500000 0.278370
0.306480 0.500000 0.017454
0.306220 0.500000 0.018400
0.151950 0.089276 -0.500000
0.121810 -0.102970 -0.500000
0.084959 -0.500000 0.126790
0.500000 -0.433740 -0.045339
-0.500000 -0.000332 -0.440540
-0.500000 -0.184350 -0.421290
0.136320 0.500000 0.327690
0.188440 0.500000 0.263330
0.071206 0.264210 0.500000
-0.005619 -0.206530 0.500000
-0.500000 0.222670 -0.348660
0.500000 -0.149800 0.435860
0.500000 -0.346160 0.293250
0.075495 -0.332300 0.500000
0.500000 -0.418940 0.234100
0.112280 -0.170080 -0.500000
0 5
0 9
0 15
0 19
0 23
0 32
0 34
1 5
1 7
1 10
1 13
1 26
2 16
2 19
2 20
2 26
3 6
3 8
3 12
4 6
4 11
4 16
4 27
5 7
5 10
5 13
5 15
5 19
5 20
5 23
5 24
5 25
5 26
5 32
5 34
5 35
6 8
6 11
6 12
6 21
6 22
6 33
7 13
7 16
7 17
7 20
7 24
7 25
7 26
7 29
7 34
8 12
8 21
9 32
10 13
10 17
11 12
11 14
11 21
11 22
11 27
11 33
11 35
12 20
12 21
12 23
12 27
12 30
12 35
13 17
13 25
14 18
14 22
14 24
14 27
14 29
14 31
15 23
15 24
15 30
15 32
15 33
15 34
15 35
16 20
16 24
16 26
16 27
16 29
17 25
17 29
17 34
18 22
18 24
18 29
18 31
18 34
19 20
19 23
19 26
19 28
19 30
20 23
20 24
20 26
20 27
20 35
21 33
21 35
22 24
22 27
22 33
23 27
23 28
23 30
23 32
23 35
24 25
24 27
24 29
24 33
24 34
24 35
25 29
25 34
26 29
27 29
27 33
27 35
28 30
28 32
29 31
29 34
30 32
30 35
33 34
33 35
10 36
13 37
17 38
25 39
34 40
1 41
2 42
5 43
19 44
26 45
0 46
0 47
0 48
0 49
0 50
0 51
0 52
0 53
0 54
0 55
0 56
6 57
14 58
18 59
22 60
31 61
33 62
2 63
4 64
1 65
26 66
1 67
1 68
1 69
1 70
1 71
9 72
15 73
32 74
34 75
4 76
3 77
8 78
12 79
28 80
30 81
2 82
2 83
2 84
2 85
2 86
2 87
2 88
2 89
2 90
2 91
3 92
4 93
6 94
11 95
9 96
12 97
15 98
21 99
23 100
28 101
30 102
32 103
33 104
35 105
9 106
15 107
22 108
32 109
33 110
28 111
9 112
8 113
9 114
19 115
28 116
30 117
12 118
19 119
20 120
23 121
27 122
30 123
26 124
3 125
3 126
3 127
3 128
3 129
3 130
3 131
3 132
3 133
18 134
29 135
31 136
34 137
4 138
4 139
4 140
4 141
4 142
4 143
4 144
4 145
4 146
4 147
28 148
34 149
10 150
26 151
5 152
10 153
13 154
25 155
34 156
19 157
23 158
28 159
32 160
16 161
26 162
5 163
5 164
34 165
6 166
6 167
6 168
6 169
6 170
6 171
8 172
7 173
13 174
17 175
25 176
29 177
34 178
28 179
14 180
14 181
31 182
31 183
12 184
28 185
30 186
11 187
14 188
16 189
22 190
27 191
29 192
31 193
8 194
8 195
8 196
8 197
8 198
8 199
8 200
8 201
10 202
9 203
9 204
9 205
9 206
9 207
9 208
9 209
19 210
28 211
10 212
10 213
10 214
10 215
10 216
10 217
10 218
10 219
10 220
10 221
10 222
10 223
33 224
11 225
11 226
12 227
12 228
12 229
12 230
28 231
19 232
18 233
31 234
19 235
28 236
30 237
16 238
26 239
29 240
31 241
13 242
13 243
13 244
15 245
18 246
22 247
24 248
33 249
34 250
14 251
14 252
15 253
28 254
16 255
16 256
16 257
16 258
16 259
16 260
19 261
28 262
17 263
17 264
17 265
22 266
18 267
18 268
31 269
19 270
26 271
20 272
21 273
27 274
21 275
21 276
34 277
22 278
28 279
32 280
26 281
27 282
26 283
26 284
28 285
29 286
29 287
29 288
31 289
33 290
0.500000
