289 393 0
-0.193680 -0.372620 -0.112230
0.232910 0.038874 0.420950
0.209270 0.005646 0.091490
-0.484360 0.457030 -0.381000
0.218520 0.247820 0.275340
0.165990 -0.040698 0.284240
0.421270 0.176060 0.207710
-0.225880 0.484290 -0.113870
0.032625 0.079857 -0.101780
-0.452320 -0.128420 -0.232610
-0.456110 0.172220 -0.005724
-0.020376 0.241600 0.203610
0.035213 -0.171930 -0.450440
0.030414 0.328590 0.124000
-0.325890 0.191040 0.058230
0.335720 0.068647 0.257150
-0.287400 0.395680 -0.409150
-0.285830 0.017097 0.402550
0.411650 -0.427790 -0.265780
-0.329830 -0.259140 -0.282900
-0.079734 -0.424930 -0.369270
-0.077202 -0.214320 -0.218790
-0.471430 -0.336640 0.373830
0.032312 0.454360 0.200120
0.012194 0.211230 -0.275880
0.414750 0.022860 0.200490
0.164390 -0.139960 -0.449650
0.071520 -0.493750 -0.492940
-0.181160 -0.360620 -0.186750
-0.043904 -0.221100 0.355000
0.461670 0.116480 -0.388040
-0.358030 0.433060 -0.410230
-0.075482 -0.046090 0.196670
-0.229730 0.133060 0.301630
-0.077781 0.120820 0.392220
0.037461 -0.262790 0.470070
-0.386750 -0.298330 -0.117770
-0.148370 0.500000 0.233140
-0.108100 0.500000 0.194730
-0.245600 0.500000 0.192080
-0.031665 0.500000 0.212620
-0.216710 0.500000 0.261830
-0.178090 0.500000 0.284450
0.500000 0.008828 0.216340
0.438710 0.425530 -0.500000
-0.500000 -0.373500 0.361250
0.076790 -0.500000 -0.496980
0.071531 -0.488820 -0.500000
0.139840 0.037349 0.500000
0.119100 0.060362 0.500000
0.113480 0.027836 0.500000
0.082075 -0.005228 0.500000
0.068329 0.054243 0.500000
0.073040 -0.108630 0.500000
-0.394600 -0.500000 -0.024448
0.047899 -0.500000 -0.019659
-0.201290 -0.500000 -0.335290
-0.210900 -0.500000 -0.184870
-0.139900 -0.500000 -0.041716
0.176170 -0.016009 0.500000
0.334470 0.066925 0.500000
0.233840 0.016088 0.500000
0.500000 0.296300 0.338370
0.500000 0.043945 0.401630
0.276530 0.216950 0.500000
0.407200 -0.222890 0.500000
0.067988 -0.494920 -0.500000
0.500000 -0.044438 0.197030
0.453300 -0.500000 -0.316620
-0.145750 0.104290 0.500000
-0.205630 0.500000 -0.113580
0.103240 -0.500000 0.003982
0.500000 -0.217600 -0.234800
0.500000 0.163060 -0.151650
0.257430 0.500000 0.064105
0.500000 -0.143060 -0.027981
-0.500000 0.499340 -0.399480
-0.478450 0.500000 -0.276920
-0.500000 0.450030 -0.364720
-0.378550 0.500000 -0.174950
-0.446510 0.463500 -0.500000
-0.500000 0.431620 -0.387560
-0.500000 0.462960 -0.387320
-0.272910 0.500000 -0.163570
-0.433970 0.500000 -0.422160
0.120690 -0.074663 0.500000
0.036883 -0.147400 0.500000
0.009388 0.015201 0.500000
0.050426 -0.226030 0.500000
-0.270870 -0.500000 -0.447950
-0.261360 -0.500000 -0.446710
-0.145820 -0.500000 -0.465860
-0.272020 -0.500000 -0.444610
0.406940 0.186740 -0.500000
0.500000 0.316650 0.324660
0.292650 0.348240 0.500000
0.363590 0.500000 0.328100
0.255390 0.500000 0.092201
-0.435420 -0.500000 0.037905
-0.426000 -0.500000 -0.019827
-0.500000 0.115220 0.193400
-0.500000 0.089660 0.304740
-0.500000 0.061489 0.362010
-0.500000 -0.156310 0.365570
-0.500000 0.076369 0.349000
-0.500000 -0.019095 0.241930
0.101420 -0.500000 0.014845
0.080576 -0.500000 0.265290
0.463820 -0.351400 0.500000
-0.500000 -0.392970 0.308530
-0.500000 -0.319710 0.354860
-0.500000 -0.262730 0.002208
0.500000 0.257050 0.172830
0.500000 0.284580 0.297400
0.500000 0.138590 0.260230
0.500000 0.190220 -0.008325
0.375320 0.500000 0.325580
0.279800 0.500000 0.078492
0.500000 0.157500 0.218020
0.054717 -0.279840 0.500000
-0.257940 0.500000 -0.088963
0.111910 0.500000 -0.333980
-0.231730 0.500000 -0.108490
-0.215370 0.500000 -0.110660
-0.192400 0.500000 -0.230040
-0.092897 0.500000 -0.065946
-0.165380 0.500000 -0.055223
-0.223670 0.500000 -0.146000
0.500000 0.186580 -0.198870
0.240770 0.500000 0.046958
-0.157900 0.440590 0.500000
-0.252370 0.289250 0.500000
-0.150520 0.236800 0.500000
-0.461830 0.500000 -0.014326
-0.428180 0.500000 0.002282
-0.500000 -0.355730 0.326360
-0.500000 -0.365850 -0.024639
-0.500000 -0.044890 -0.214760
-0.500000 0.201130 -0.026096
0.368330 -0.500000 -0.271310
-0.041607 -0.500000 -0.357520
0.072761 -0.500000 -0.489730
-0.500000 -0.166900 -0.214080
-0.500000 -0.328170 -0.112540
-0.323430 0.500000 -0.043424
-0.266230 0.500000 -0.023460
-0.313650 0.500000 -0.038148
-0.185020 0.500000 0.044713
-0.325580 0.500000 -0.150450
-0.500000 -0.082521 -0.278730
-0.500000 -0.124180 -0.157140
-0.400300 -0.116370 -0.500000
-0.500000 -0.154510 -0.375800
-0.500000 -0.159270 -0.239120
-0.158170 -0.128150 -0.500000
-0.378980 0.440910 -0.500000
-0.404150 0.454250 -0.500000
-0.123470 -0.301880 0.500000
-0.023449 -0.276690 0.500000
0.013082 -0.275330 0.500000
0.430440 -0.500000 -0.232780
0.432390 -0.500000 -0.354620
0.146930 -0.500000 -0.470690
0.241930 0.500000 -0.418850
0.250390 0.500000 -0.421410
-0.500000 0.161530 0.033263
-0.500000 0.160750 -0.089887
-0.500000 0.196940 0.072597
-0.500000 0.125750 0.026689
0.491300 0.052309 -0.500000
-0.500000 -0.417830 -0.453200
0.500000 0.136510 -0.447990
-0.013161 -0.153730 -0.500000
0.119910 -0.196750 -0.500000
0.500000 0.126570 -0.382030
0.181480 -0.500000 -0.071323
0.051718 -0.500000 -0.096154
0.082994 -0.500000 -0.018944
0.112890 -0.500000 0.009054
0.076553 -0.500000 -0.398380
0.053492 -0.500000 -0.030096
0.085533 -0.500000 0.030047
0.088249 -0.500000 0.010226
0.216130 0.500000 0.074002
0.038698 0.500000 0.140110
0.500000 0.154240 -0.404670
0.500000 0.286120 0.318980
-0.336650 -0.128380 0.500000
-0.431520 -0.315970 0.500000
-0.241450 -0.263960 0.500000
-0.500000 0.247400 -0.441090
-0.500000 0.297940 -0.435530
-0.500000 0.233130 0.188970
0.103510 -0.500000 0.256930
0.051070 -0.500000 0.278370
0.063907 -0.500000 0.302560
-0.202940 -0.500000 -0.339550
-0.197060 -0.500000 -0.341270
-0.116630 -0.500000 -0.387670
-0.201060 -0.500000 -0.337180
-0.204010 -0.500000 -0.337150
0.500000 0.058911 0.317520
-0.310170 0.239900 -0.500000
-0.201090 0.332350 -0.500000
-0.290450 0.333580 -0.500000
-0.179600 0.479530 -0.500000
-0.170900 0.099568 -0.500000
-0.254170 0.500000 -0.442220
-0.243970 0.441820 -0.500000
-0.258070 -0.019200 0.500000
-0.308790 0.059563 0.500000
-0.351780 0.125850 0.500000
0.500000 -0.339210 -0.291730
0.492030 -0.500000 -0.134580
0.500000 -0.377080 -0.222400
0.260710 -0.267640 -0.500000
0.500000 0.030480 0.258240
-0.316310 -0.271220 -0.500000
-0.162810 -0.372200 -0.500000
0.059883 -0.487210 -0.500000
-0.500000 0.222920 0.281790
-0.345920 -0.180540 -0.500000
-0.483440 -0.227690 -0.500000
-0.500000 -0.280840 -0.277930
-0.141820 -0.159980 -0.500000
0.500000 -0.139510 -0.083263
0.500000 -0.248190 -0.335300
0.500000 -0.022063 -0.360770
-0.126760 -0.500000 -0.342830
-0.069132 -0.500000 -0.379250
-0.080777 -0.231450 -0.500000
-0.118080 -0.500000 -0.109640
0.121310 -0.500000 0.487030
-0.500000 -0.232110 -0.013330
-0.500000 -0.345600 0.395190
0.500000 0.204740 -0.222680
0.500000 0.119000 -0.020089
0.500000 0.145960 -0.329410
0.012843 0.500000 0.241440
0.042475 0.173850 -0.500000
0.152630 -0.101910 -0.500000
0.358440 0.118530 -0.500000
-0.080512 -0.145240 -0.500000
0.500000 0.083200 -0.401170
0.035694 -0.308280 0.500000
0.045796 0.500000 0.203940
-0.389590 -0.500000 0.359390
-0.500000 -0.302370 -0.167760
-0.500000 -0.301510 0.455220
-0.172780 -0.500000 0.021636
-0.500000 -0.409430 0.387760
-0.232000 -0.500000 0.288530
0.261160 0.395100 0.500000
0.005954 0.424760 0.500000
0.283140 0.500000 0.296870
0.151830 0.500000 0.127990
0.036438 0.500000 0.174870
0.500000 -0.219150 0.171370
0.072226 -0.500000 -0.497530
-0.130690 0.184420 -0.500000
-0.067909 0.464550 -0.500000
-0.059113 -0.047463 -0.500000
0.229930 0.500000 0.019014
0.157760 0.276030 0.500000
-0.062168 0.194850 0.500000
0.500000 -0.055409 0.110640
0.500000 0.042449 0.213290
0.500000 -0.257510 0.418670
-0.120230 -0.157290 0.500000
-0.128970 0.041912 0.500000
0.061450 -0.134980 -0.500000
0.190790 -0.179610 -0.500000
-0.296990 0.117940 0.500000
-0.203090 0.115190 0.500000
0.069887 -0.500000 -0.491730
0.057483 -0.460180 -0.500000
0.087424 -0.465560 -0.500000
0.062880 -0.500000 -0.494170
-0.137380 -0.500000 -0.051466
-0.355250 0.190790 0.500000
-0.266930 0.174490 0.500000
-0.123370 -0.500000 0.000911
-0.042335 -0.500000 0.263380
0.305580 -0.107190 -0.500000
0.500000 0.135520 -0.379300
-0.313540 0.500000 -0.434470
-0.289910 0.465610 -0.500000
0.072442 -0.292500 0.500000
0.195640 -0.319700 0.500000
0 21
0 22
0 28
0 29
0 32
0 36
1 4
1 5
1 15
1 25
1 34
1 35
2 4
2 5
2 6
2 8
2 11
2 13
2 15
2 18
2 21
2 25
2 26
2 29
2 30
2 32
3 7
3 10
3 16
3 31
4 5
4 6
4 11
4 13
4 15
4 23
4 34
5 11
5 15
5 25
5 29
5 32
5 34
5 35
6 13
6 15
6 25
7 8
7 10
7 13
7 14
7 16
7 23
7 24
7 31
8 9
8 11
8 12
8 13
8 14
8 21
8 24
8 26
8 30
8 32
9 10
9 14
9 16
9 19
9 21
9 24
9 36
10 14
10 16
10 24
10 31
10 36
11 13
11 14
11 23
11 32
11 33
11 34
12 20
12 21
12 24
12 26
12 27
13 14
13 23
13 24
14 16
14 17
14 21
14 24
14 32
14 33
14 36
15 25
16 24
16 31
17 22
17 29
17 32
17 33
17 34
17 36
18 20
18 21
18 25
18 26
18 27
19 20
19 21
19 28
19 36
20 21
20 26
20 27
20 28
21 24
21 26
21 28
21 32
21 36
22 29
22 32
22 36
23 34
24 26
24 30
26 27
26 30
28 36
29 32
29 34
29 35
32 33
32 34
32 36
33 34
11 37
13 38
14 39
23 40
33 41
34 42
25 43
30 44
22 45
27 46
27 47
1 48
4 49
5 50
29 51
34 52
35 53
0 54
0 55
0 56
0 57
0 58
1 59
1 60
1 61
1 62
1 63
1 64
1 65
27 66
25 67
18 68
34 69
7 70
2 71
2 72
2 73
2 74
2 75
3 76
3 77
3 78
3 79
3 80
3 81
3 82
7 83
31 84
5 85
29 86
34 87
35 88
19 89
20 90
27 91
36 92
30 93
4 94
4 95
4 96
4 97
22 98
36 99
10 100
14 101
17 102
22 103
33 104
36 105
5 106
5 107
5 108
22 109
22 110
36 111
6 112
6 113
6 114
6 115
6 116
6 117
6 118
35 119
7 120
7 121
7 122
7 123
7 124
7 125
7 126
7 127
8 128
8 129
23 130
33 131
34 132
10 133
14 134
22 135
36 136
9 137
10 138
18 139
20 140
27 141
9 142
36 143
10 144
13 145
14 146
23 147
31 148
9 149
9 150
9 151
9 152
9 153
9 154
16 155
31 156
22 157
29 158
35 159
18 160
18 161
27 162
24 163
30 164
10 165
10 166
10 167
10 168
30 169
19 170
30 171
12 172
12 173
30 174
18 175
20 176
21 177
25 178
27 179
28 180
29 181
32 182
13 183
13 184
30 185
15 186
17 187
22 188
29 189
16 190
31 191
14 192
25 193
29 194
35 195
19 196
20 197
27 198
28 199
36 200
15 201
16 202
16 203
16 204
16 205
16 206
16 207
16 208
17 209
17 210
17 211
18 212
18 213
18 214
18 215
25 216
19 217
20 218
27 219
33 220
19 221
19 222
19 223
19 224
25 225
26 226
30 227
20 228
20 229
20 230
20 231
35 232
36 233
22 234
24 235
25 236
30 237
23 238
24 239
26 240
30 241
21 242
30 243
35 244
23 245
22 246
36 247
22 248
22 249
22 250
22 251
23 252
23 253
23 254
23 255
23 256
25 257
27 258
24 259
24 260
24 261
24 262
34 263
34 264
25 265
25 266
25 267
29 268
34 269
26 270
26 271
33 272
34 273
27 274
27 275
27 276
27 277
28 278
33 279
34 280
29 281
29 282
30 283
30 284
31 285
31 286
35 287
35 288
0.500000
