270 376 0
0.140070 0.417110 0.231340
0.174360 0.433640 0.379140
-0.040159 -0.469960 0.009672
-0.477470 0.483810 0.440700
0.020031 0.129570 0.218130
0.199500 0.241890 -0.114250
0.080377 -0.353840 0.374900
0.014266 -0.078398 0.280700
-0.070270 0.402660 -0.232360
0.468850 0.216010 -0.448480
0.436540 -0.087173 0.087931
0.465140 -0.220030 -0.229930
-0.375480 0.364050 -0.311670
-0.074227 -0.472280 0.305660
0.242150 -0.313510 0.031665
0.276340 0.330560 0.098858
0.162930 0.080114 0.496780
-0.404570 -0.494350 -0.409240
0.073310 -0.435150 -0.094147
0.057017 -0.209230 0.146790
-0.024009 0.259950 0.039590
0.192830 0.110240 0.129020
-0.332680 0.378210 0.050024
0.448990 -0.037104 -0.487180
0.420530 -0.079559 0.489080
0.312500 0.351000 -0.060401
-0.095541 -0.246600 0.288220
0.048067 0.055089 0.328630
0.154330 -0.262580 -0.086567
-0.282930 -0.299890 -0.479360
-0.129580 0.196360 -0.185320
-0.182050 0.126170 -0.086478
0.146330 0.312320 -0.139100
-0.325340 -0.231690 -0.149740
-0.006533 0.015083 -0.087772
-0.402840 -0.500000 -0.413550
0.500000 0.303190 -0.067359
0.081591 0.500000 0.176830
0.141350 0.500000 0.124900
0.030763 0.500000 0.303950
0.500000 0.198640 -0.443640
0.500000 -0.029578 -0.474400
-0.214560 -0.500000 0.254090
-0.332720 -0.500000 0.209690
-0.356230 -0.500000 0.167010
0.239970 0.500000 0.417040
0.500000 0.288180 0.184670
0.235280 0.356310 0.500000
0.149040 0.500000 0.163090
0.050098 0.500000 0.349900
0.133080 0.500000 0.420330
0.111800 0.425390 0.500000
0.337980 0.500000 0.217820
0.177630 0.448260 0.500000
0.500000 0.456880 0.474500
0.500000 0.101320 0.326290
0.057310 0.287170 0.500000
-0.030366 0.500000 -0.063411
0.000525 0.500000 0.089811
-0.144390 0.500000 0.083347
-0.499840 0.500000 -0.414690
0.500000 0.175900 -0.488510
0.461290 -0.039992 -0.500000
-0.012755 0.500000 -0.260130
-0.290980 -0.287820 -0.500000
0.500000 0.028622 0.098106
0.500000 0.268730 0.110490
0.500000 0.202730 0.119840
0.500000 0.280260 0.049468
0.218030 0.500000 -0.483000
0.418140 0.338440 -0.500000
0.299080 0.496330 -0.500000
-0.107840 -0.500000 -0.045695
-0.071417 -0.500000 0.043612
0.066334 -0.500000 0.204470
0.023666 -0.500000 -0.051813
-0.035684 -0.500000 -0.022481
0.164170 0.079656 0.500000
0.414460 -0.074781 0.500000
-0.500000 0.480540 0.447570
-0.477960 0.500000 0.454440
-0.458420 0.500000 0.454390
-0.500000 0.492390 0.388190
-0.500000 0.470620 0.428030
-0.471040 0.374530 0.500000
-0.500000 0.003659 0.190040
-0.479480 0.500000 0.445940
-0.407750 0.470950 0.500000
-0.324600 0.500000 0.403780
-0.500000 0.454080 0.438600
-0.498350 0.500000 0.452850
-0.471530 0.500000 0.419980
-0.500000 0.470210 0.491100
-0.381380 0.379590 0.500000
-0.012218 0.500000 0.324500
-0.500000 -0.085359 0.143260
-0.210420 0.500000 0.373160
-0.059183 0.099732 0.500000
0.352260 0.154250 -0.500000
0.416160 -0.040862 -0.500000
-0.036019 -0.158310 -0.500000
-0.270020 -0.282760 -0.500000
-0.132910 0.018060 -0.500000
-0.091036 -0.063124 -0.500000
-0.052295 0.500000 -0.188960
-0.217130 0.500000 -0.223290
-0.201870 0.500000 -0.018846
0.057963 0.500000 -0.125840
-0.500000 -0.041253 -0.126690
-0.500000 -0.090073 -0.135690
-0.500000 -0.045944 -0.110740
-0.500000 -0.069385 -0.127570
-0.500000 -0.057989 -0.118190
-0.500000 -0.058676 -0.116390
-0.500000 -0.068551 -0.118180
0.500000 0.040983 -0.050318
0.500000 0.219390 -0.203910
-0.297040 -0.437280 0.500000
0.500000 -0.319710 0.312960
0.074652 -0.315620 0.500000
0.130030 -0.370080 0.500000
0.105380 -0.500000 0.286520
0.123820 -0.488840 0.500000
0.269010 -0.251270 0.500000
-0.178080 -0.278560 0.500000
-0.402950 -0.500000 -0.402310
-0.085353 -0.500000 -0.153510
-0.337770 -0.500000 -0.340480
-0.356240 -0.500000 -0.226580
0.500000 -0.220680 0.215310
0.500000 -0.315650 0.265220
0.500000 -0.230150 0.372660
0.043249 -0.179960 0.500000
-0.500000 -0.087048 0.143780
-0.183980 -0.271050 0.500000
-0.054030 0.011966 0.500000
-0.440450 0.355640 -0.500000
0.165400 0.081368 0.500000
0.418540 -0.069146 0.500000
0.106480 0.500000 0.044878
-0.176880 0.370810 -0.500000
0.028964 0.500000 -0.361480
-0.092320 0.500000 -0.344740
0.041156 0.500000 -0.265240
0.500000 -0.208050 -0.241160
0.500000 -0.049425 -0.462030
0.500000 0.106880 -0.217630
0.191250 0.276050 -0.500000
0.500000 0.253270 -0.456960
0.500000 0.212480 -0.462640
0.500000 0.219610 -0.450480
0.485920 0.217430 -0.500000
0.500000 0.214600 -0.416850
0.395120 0.500000 -0.475400
-0.092445 -0.500000 0.238480
-0.122620 -0.500000 0.138070
-0.161890 -0.500000 0.062252
0.500000 -0.004750 -0.009634
0.500000 -0.140630 0.021118
0.500000 -0.048043 0.179630
0.500000 -0.224870 0.107730
-0.413990 -0.500000 -0.425280
-0.306410 -0.322460 -0.500000
-0.338020 -0.314590 0.500000
0.500000 -0.072769 -0.119210
0.500000 0.054168 -0.031793
0.500000 0.031408 -0.033104
0.500000 0.005863 -0.183680
0.500000 0.061351 -0.047030
0.500000 0.007294 -0.047968
0.500000 -0.232870 -0.222920
-0.462860 -0.500000 -0.410470
0.352890 -0.500000 -0.290450
0.500000 -0.271810 -0.108950
0.500000 -0.144410 -0.233890
0.407930 -0.431270 -0.500000
-0.500000 0.474870 0.135080
-0.491980 0.500000 -0.283230
-0.459120 0.500000 -0.068692
0.500000 -0.090592 0.473760
0.155460 0.500000 0.099916
0.129280 0.500000 0.095524
0.161300 0.500000 0.081582
0.142090 0.500000 0.077669
-0.413990 -0.500000 -0.416340
-0.346340 -0.358330 -0.500000
-0.072014 -0.500000 0.312710
-0.253890 0.362600 -0.500000
-0.500000 0.320590 -0.214650
-0.407450 0.149840 -0.500000
-0.253390 0.500000 -0.408310
-0.500000 0.225180 -0.370640
-0.380730 0.500000 -0.143510
-0.441360 0.500000 -0.324620
-0.500000 0.347560 0.122870
-0.016367 0.500000 0.297090
-0.085956 0.500000 0.271160
-0.010650 0.500000 0.334090
0.161210 0.073997 0.500000
0.399910 -0.090168 0.500000
-0.191700 0.330570 -0.500000
-0.146430 0.353590 -0.500000
0.443040 -0.051041 -0.500000
0.267790 -0.292030 -0.500000
-0.233650 -0.300610 -0.500000
0.053883 -0.500000 0.287220
-0.033423 -0.500000 0.360960
-0.185660 -0.280520 0.500000
-0.500000 0.320230 -0.031469
-0.500000 0.225090 -0.097099
0.115240 -0.500000 0.265040
0.102210 -0.500000 0.222930
0.105430 -0.500000 0.274440
0.426150 -0.070264 0.500000
-0.500000 -0.075568 0.140340
-0.500000 -0.088782 0.144160
-0.500000 -0.086023 0.144080
-0.500000 -0.084300 0.139610
-0.500000 -0.090561 0.135680
0.486540 -0.018639 -0.500000
0.276570 -0.500000 -0.174520
0.500000 -0.361060 0.108650
0.470460 0.500000 0.020343
0.500000 0.101610 0.249880
0.456340 -0.034504 -0.500000
0.160760 0.083478 0.500000
0.500000 0.023531 0.350950
0.157910 0.080145 0.500000
-0.273520 -0.297680 -0.500000
-0.413980 -0.239370 -0.500000
-0.307390 -0.241460 -0.500000
-0.353900 0.075541 -0.500000
-0.402480 -0.021498 -0.500000
0.424200 -0.084369 0.500000
0.148830 -0.500000 -0.168720
0.248780 -0.500000 -0.236380
0.070456 -0.500000 -0.382020
-0.320370 -0.460140 -0.500000
-0.500000 -0.461480 -0.329640
-0.500000 -0.223760 -0.416190
-0.420250 -0.500000 -0.400760
-0.398790 -0.500000 -0.410020
-0.397090 -0.500000 -0.417980
0.066943 -0.500000 -0.144510
0.352830 -0.473370 -0.500000
0.454100 -0.030060 -0.500000
-0.267330 -0.302650 -0.500000
0.475580 0.500000 -0.039942
-0.208740 0.500000 0.362640
-0.227300 0.500000 0.349960
-0.210870 0.500000 0.376680
0.500000 0.031580 0.269700
-0.500000 0.288170 0.212610
-0.352650 0.500000 0.079425
-0.500000 -0.288290 -0.135150
0.500000 0.021392 -0.430950
0.439630 -0.113700 -0.500000
0.500000 -0.038697 0.406400
0.500000 0.273900 -0.163310
0.275340 0.500000 -0.183360
0.353080 0.500000 -0.336470
-0.186400 -0.274830 0.500000
-0.029804 0.068517 0.500000
-0.500000 -0.038429 -0.443330
-0.500000 0.121440 -0.368320
0.363950 -0.451210 -0.500000
-0.182400 -0.500000 -0.475320
-0.111940 -0.345100 -0.500000
0.192300 0.500000 -0.235610
0.306970 0.500000 -0.381020
0 1
0 4
0 15
0 20
0 21
1 4
1 15
1 16
1 21
1 27
2 13
2 14
2 18
2 19
2 26
2 28
2 33
3 4
3 22
4 7
4 19
4 20
4 21
4 22
4 27
4 31
4 34
5 9
5 10
5 11
5 15
5 20
5 21
5 23
5 25
5 28
5 30
5 32
5 34
6 7
6 10
6 13
6 14
6 16
6 19
6 24
6 26
7 10
7 16
7 19
7 21
7 24
7 26
7 27
7 31
7 34
8 9
8 12
8 20
8 22
8 30
8 32
9 23
9 25
9 30
9 32
10 11
10 14
10 19
10 21
10 24
10 28
10 34
11 14
11 23
11 28
11 34
12 22
12 30
12 31
13 19
13 26
14 18
14 19
14 21
14 28
15 16
15 20
15 21
15 25
15 32
16 21
16 24
16 27
17 29
17 33
18 19
18 28
18 29
18 33
19 21
19 24
19 26
19 28
19 33
19 34
20 21
20 22
20 30
20 31
20 32
20 34
21 24
21 25
21 27
21 28
21 34
22 30
22 31
23 28
23 30
23 34
24 27
25 32
26 31
26 33
26 34
28 29
28 33
28 34
29 30
29 33
29 34
30 31
30 32
30 33
30 34
31 33
31 34
32 34
33 34
17 35
25 36
0 37
0 38
0 39
9 40
23 41
13 42
26 43
33 44
1 45
1 46
1 47
1 48
1 49
1 50
1 51
1 52
1 53
1 54
1 55
1 56
8 57
20 58
22 59
12 60
9 61
23 62
8 63
29 64
10 65
15 66
21 67
25 68
8 69
9 70
32 71
2 72
2 73
2 74
2 75
2 76
16 77
24 78
3 79
3 80
3 81
3 82
3 83
3 84
3 85
3 86
3 87
3 88
3 89
3 90
3 91
3 92
3 93
4 94
4 95
4 96
4 97
9 98
23 99
28 100
29 101
30 102
34 103
8 104
12 105
22 106
32 107
12 108
17 109
22 110
29 111
30 112
31 113
33 114
5 115
5 116
13 117
6 118
6 119
6 120
6 121
6 122
6 123
6 124
17 125
18 126
29 127
33 128
10 129
14 130
24 131
7 132
7 133
7 134
7 135
12 136
16 137
24 138
8 139
8 140
8 141
8 142
8 143
11 144
23 145
9 146
9 147
9 148
9 149
9 150
9 151
9 152
9 153
13 154
26 155
33 156
10 157
10 158
10 159
10 160
17 161
29 162
26 163
11 164
15 165
21 166
23 167
25 168
28 169
11 170
17 171
11 172
11 173
11 174
11 175
22 176
12 177
22 178
24 179
15 180
20 181
25 182
32 183
17 184
29 185
13 186
12 187
12 188
12 189
12 190
12 191
12 192
12 193
22 194
20 195
22 196
27 197
16 198
24 199
30 200
32 201
23 202
28 203
29 204
13 205
13 206
13 207
22 208
31 209
14 210
18 211
19 212
24 213
22 214
26 215
27 216
31 217
33 218
23 219
14 220
14 221
15 222
15 223
23 224
16 225
16 226
16 227
29 228
17 229
29 230
30 231
33 232
24 233
18 234
28 235
29 236
17 237
17 238
17 239
17 240
17 241
17 242
18 243
18 244
23 245
29 246
25 247
20 248
22 249
27 250
21 251
22 252
22 253
33 254
23 255
23 256
24 257
25 258
25 259
25 260
26 261
27 262
29 263
30 264
28 265
29 266
29 267
32 268
32 269
0.500000
