281 374 0
-0.457870 -0.028932 0.499240
-0.303710 -0.379840 -0.117080
-0.415800 -0.045281 0.386370
0.276170 0.411510 -0.365890
0.090866 0.328860 -0.321130
-0.309250 -0.339390 0.261320
0.052878 0.246180 0.402430
0.143550 -0.340530 -0.004669
-0.128190 0.325270 0.033432
0.234020 -0.216850 0.352590
0.022628 -0.130030 -0.092721
0.472730 -0.119180 -0.250080
-0.074489 -0.456840 0.482000
-0.015457 -0.112870 0.449070
0.402050 0.433730 -0.416520
0.135050 -0.400030 0.487990
0.210540 -0.268630 -0.191330
-0.030572 0.126300 -0.181230
0.348960 0.297120 0.330490
-0.251820 -0.190920 -0.235030
-0.131820 -0.378910 0.078993
0.447970 -0.010399 0.374350
-0.155500 -0.201730 0.452710
-0.127120 0.467480 -0.343270
-0.151270 -0.070240 -0.246560
0.120080 0.018772 -0.349710
-0.465400 -0.134590 -0.358810
0.477970 -0.405180 0.160840
0.188070 0.226180 0.307950
-0.031698 -0.177440 -0.449640
-0.427420 0.111140 -0.079626
-0.420180 -0.254650 -0.121140
0.320920 0.500000 -0.411780
0.413240 0.500000 -0.443270
-0.458130 -0.024355 0.500000
-0.456860 0.232340 0.500000
-0.256220 0.338990 0.500000
-0.435600 0.396140 0.500000
-0.457150 -0.028885 0.500000
-0.500000 -0.010636 0.495800
-0.457710 -0.029629 0.500000
-0.455550 -0.090294 0.500000
-0.459020 -0.029294 0.500000
-0.459960 -0.025173 0.500000
-0.500000 -0.014770 0.464460
-0.458200 -0.028767 0.500000
-0.457790 -0.028302 0.500000
-0.500000 -0.084772 0.481810
-0.481800 -0.039231 0.500000
0.407840 0.420060 -0.500000
-0.011881 -0.500000 0.027240
-0.004453 -0.500000 0.061462
0.031903 -0.500000 0.040117
0.032086 -0.500000 0.058578
-0.001545 -0.500000 0.151280
0.035973 -0.500000 0.098559
0.006159 -0.500000 0.047667
0.284320 -0.136420 0.500000
0.423080 -0.005683 0.500000
-0.500000 -0.453820 0.218660
-0.371900 -0.500000 -0.083901
-0.500000 -0.430730 -0.257810
-0.158870 -0.500000 -0.413390
-0.188340 -0.255560 -0.500000
-0.320230 -0.500000 -0.233570
-0.333870 -0.500000 -0.200210
0.102060 -0.500000 -0.106490
-0.321370 -0.500000 -0.126730
0.245330 0.500000 -0.421090
0.111440 0.500000 -0.425340
0.353800 0.500000 -0.450930
-0.099222 0.500000 -0.369440
-0.369980 -0.034385 0.500000
-0.081881 0.146330 0.500000
-0.084864 -0.090339 0.500000
-0.189340 -0.160310 0.500000
0.173660 0.175870 0.500000
0.258000 0.002604 0.500000
0.097232 -0.021438 0.500000
0.295490 0.175590 0.500000
0.338860 0.069492 0.500000
0.246780 0.150330 0.500000
0.069585 0.275690 0.500000
0.016937 0.137720 0.500000
-0.022607 -0.099765 0.500000
-0.132250 -0.170320 0.500000
0.285280 0.500000 -0.328410
0.164290 0.500000 -0.273820
-0.090800 0.500000 -0.329400
-0.500000 -0.428340 0.239740
-0.500000 -0.452500 0.230110
-0.500000 -0.456140 0.232690
-0.500000 -0.454870 0.226660
-0.500000 -0.441810 0.204210
-0.073403 -0.482640 0.500000
-0.500000 -0.009049 0.399810
-0.441520 -0.422300 0.500000
-0.500000 0.081897 0.456940
-0.500000 -0.016564 0.344300
-0.500000 0.142890 0.329040
-0.500000 0.059790 0.222830
-0.500000 -0.137730 0.386130
-0.500000 -0.074241 0.412600
-0.500000 -0.106770 0.320190
-0.386260 -0.500000 0.112380
-0.156090 -0.500000 0.373000
-0.273560 -0.500000 0.028772
-0.446780 -0.500000 -0.071722
-0.036299 -0.500000 0.476040
0.173460 -0.500000 0.474550
0.416550 0.500000 -0.332920
0.460150 0.500000 -0.361260
-0.462830 0.500000 0.063522
-0.500000 0.339260 -0.001213
0.115680 0.500000 0.161640
0.093313 0.500000 0.197500
0.091620 0.500000 0.242310
0.078980 0.500000 0.221420
0.108020 0.500000 0.240040
0.033177 0.500000 0.076607
0.097534 0.500000 0.237720
0.333840 -0.176700 -0.500000
0.181680 -0.094357 -0.500000
0.035620 -0.186050 -0.500000
-0.500000 -0.086583 -0.378940
-0.500000 0.155910 -0.170040
-0.309860 0.500000 -0.358120
-0.500000 0.380290 -0.265650
-0.002085 0.213000 -0.500000
-0.078188 0.098067 -0.500000
-0.119230 0.299770 -0.500000
-0.127870 0.012646 -0.500000
0.023368 0.044576 -0.500000
-0.320220 -0.047262 -0.500000
-0.046890 -0.126810 -0.500000
0.500000 0.228720 0.350920
0.500000 0.023077 0.374770
0.500000 0.398550 0.287020
0.182740 -0.261730 -0.500000
0.163720 -0.272270 -0.500000
0.156310 -0.240020 -0.500000
0.108390 -0.246590 -0.500000
-0.500000 -0.185570 -0.365210
-0.500000 -0.319360 -0.200870
0.334890 -0.500000 0.228830
0.372830 -0.500000 0.314330
0.137040 -0.500000 0.403870
0.307060 -0.500000 0.370130
0.427500 -0.500000 0.254370
-0.100150 -0.439670 0.500000
-0.201120 -0.206890 0.500000
-0.134090 0.500000 -0.355030
0.461830 -0.294110 -0.500000
0.443240 -0.307490 -0.500000
0.500000 -0.135400 -0.281700
0.284990 0.312970 -0.500000
0.500000 0.315100 -0.278400
0.408140 0.500000 -0.154450
0.349670 0.500000 -0.301650
0.500000 -0.424980 0.159240
0.487340 -0.500000 0.101910
-0.500000 0.103540 -0.148330
0.500000 -0.241940 0.385900
0.500000 -0.060525 0.381870
0.500000 -0.391470 0.184820
-0.440140 -0.434790 0.500000
-0.371800 -0.440410 0.500000
-0.418670 -0.417020 0.500000
0.500000 -0.111960 -0.233450
0.500000 -0.015904 0.299210
0.032059 0.500000 -0.176240
0.258190 0.295980 -0.500000
0.084840 0.322790 -0.500000
0.500000 0.294400 -0.263470
0.291160 0.500000 0.453920
-0.161030 0.471700 0.500000
-0.061964 0.500000 0.323120
-0.096722 0.217980 0.500000
0.050588 0.262960 0.500000
0.010061 0.179510 0.500000
0.328050 0.500000 0.441700
0.308790 0.500000 0.443570
0.500000 -0.069473 -0.336010
0.474950 0.310410 -0.500000
-0.500000 0.411220 0.183710
-0.214740 0.500000 0.410080
0.268000 -0.282840 0.500000
0.065257 -0.173030 0.500000
0.147490 -0.396300 0.500000
0.381600 -0.165300 0.500000
0.374930 0.271050 0.500000
0.438970 0.062358 0.500000
-0.096808 -0.456030 0.500000
-0.137590 0.500000 -0.340360
-0.108910 0.500000 0.052599
-0.122140 0.500000 -0.302510
-0.031257 -0.272350 -0.500000
0.500000 -0.102380 -0.284350
-0.128210 0.500000 0.166130
0.470390 -0.143370 0.500000
-0.052255 -0.476300 0.500000
0.139630 -0.416220 0.500000
0.500000 -0.394260 0.091279
0.167980 -0.500000 -0.093323
0.240230 -0.500000 -0.009639
-0.500000 0.200550 0.046935
-0.500000 0.137920 -0.021292
-0.500000 -0.053423 -0.040105
0.500000 -0.145480 -0.240360
0.500000 -0.076343 -0.411650
-0.326360 0.500000 -0.238990
0.307410 0.245360 -0.500000
0.318040 0.328990 -0.500000
0.218960 0.319430 -0.500000
0.258610 0.244110 -0.500000
0.491730 -0.015838 0.500000
-0.500000 -0.070367 -0.394830
-0.500000 0.168060 -0.214150
-0.113960 -0.500000 0.487720
0.500000 -0.240940 -0.097705
0.500000 -0.097049 -0.235510
0.422730 0.026540 -0.500000
0.500000 0.008840 -0.251630
0.417350 -0.500000 -0.238680
-0.069151 -0.437820 0.500000
-0.096654 -0.468150 0.500000
-0.182640 -0.202960 -0.500000
-0.147580 -0.159410 -0.500000
-0.306000 -0.171880 -0.500000
-0.061472 -0.185810 -0.500000
-0.011967 -0.123000 0.500000
0.500000 0.445450 -0.384820
0.500000 0.470740 -0.492530
0.400160 0.301700 -0.500000
0.500000 0.344070 -0.316220
0.272090 -0.500000 0.492300
0.129110 -0.389640 0.500000
-0.346220 0.407930 -0.500000
-0.386290 0.263470 -0.500000
-0.465310 0.183660 -0.500000
-0.458880 0.331040 -0.500000
0.500000 -0.385290 0.068901
0.174320 -0.500000 -0.111730
0.310360 -0.500000 -0.214530
0.256600 -0.500000 -0.037600
-0.176650 0.500000 -0.391330
-0.328080 0.500000 -0.246050
0.500000 0.272860 -0.247570
0.468780 0.463980 0.500000
0.500000 0.219080 0.160130
0.500000 0.183110 0.323780
0.500000 0.291570 -0.089070
0.498550 0.500000 0.205770
0.500000 0.378600 0.404680
0.144870 -0.500000 -0.112780
0.500000 -0.241680 0.211830
0.500000 0.008705 0.287770
0.500000 0.003988 0.360910
-0.130000 -0.197150 0.500000
-0.069460 0.421780 -0.500000
-0.304370 0.500000 -0.259980
-0.248270 0.329780 -0.500000
-0.129830 0.479190 -0.500000
-0.333370 0.500000 -0.244770
-0.291410 0.058250 -0.500000
0.270270 0.063134 -0.500000
0.500000 0.252590 -0.267910
0.500000 -0.403050 0.137880
-0.437920 -0.012233 -0.500000
-0.408560 0.142830 -0.500000
-0.500000 -0.143170 -0.378340
-0.500000 -0.141620 -0.339570
-0.500000 -0.023217 -0.247510
-0.500000 -0.206690 -0.275700
0.328120 -0.500000 0.040233
-0.500000 0.135180 -0.130490
0.159030 -0.500000 -0.125260
0.500000 0.279210 -0.164540
-0.500000 0.024826 -0.129570
-0.500000 -0.229370 -0.161130
-0.500000 -0.271090 -0.081528
0 2
0 22
1 5
1 7
1 10
1 16
1 19
1 20
1 26
1 29
1 31
2 5
2 6
2 8
2 10
2 13
2 22
2 30
2 31
3 4
3 14
3 18
3 23
3 25
3 28
4 8
4 17
4 23
4 25
4 28
5 10
5 12
5 20
5 22
5 30
5 31
6 8
6 10
6 13
6 18
6 28
7 9
7 10
7 11
7 16
7 20
7 21
7 27
8 10
8 13
8 17
8 23
8 28
8 30
9 10
9 13
9 15
9 20
9 21
9 22
9 27
9 28
10 11
10 13
10 16
10 17
10 19
10 20
10 21
10 22
10 24
10 25
10 28
10 29
10 30
10 31
11 16
11 17
11 18
11 21
11 25
11 27
11 28
12 15
12 20
12 22
13 15
13 20
13 22
13 28
15 20
15 22
16 19
16 25
16 27
16 29
17 23
17 24
17 25
17 28
17 30
18 21
18 28
19 20
19 24
19 26
19 29
19 30
19 31
20 22
20 30
20 31
21 27
21 28
23 24
23 30
24 25
24 26
24 29
24 30
25 29
26 29
26 30
26 31
30 31
3 32
14 33
0 34
2 35
6 36
8 37
0 38
0 39
0 40
0 41
0 42
0 43
0 44
0 45
0 46
0 47
0 48
14 49
1 50
5 51
7 52
9 53
12 54
15 55
20 56
9 57
21 58
1 59
1 60
1 61
1 62
1 63
1 64
1 65
1 66
1 67
3 68
4 69
14 70
23 71
2 72
6 73
13 74
22 75
6 76
9 77
13 78
18 79
21 80
28 81
6 82
6 83
13 84
22 85
3 86
4 87
23 88
2 89
5 90
12 91
20 92
31 93
12 94
2 95
2 96
2 97
2 98
2 99
2 100
2 101
2 102
2 103
5 104
12 105
20 106
31 107
12 108
15 109
3 110
14 111
8 112
30 113
3 114
4 115
6 116
8 117
18 118
23 119
28 120
11 121
25 122
29 123
26 124
30 125
23 126
30 127
4 128
17 129
23 130
24 131
25 132
26 133
29 134
18 135
21 136
18 137
11 138
16 139
25 140
29 141
26 142
31 143
7 144
9 145
12 146
15 147
27 148
12 149
22 150
23 151
11 152
16 153
11 154
3 155
3 156
3 157
3 158
27 159
27 160
30 161
9 162
21 163
27 164
5 165
12 166
22 167
11 168
21 169
4 170
4 171
4 172
4 173
6 174
6 175
6 176
6 177
6 178
6 179
18 180
28 181
11 182
14 183
8 184
8 185
9 186
13 187
15 188
21 189
18 190
21 191
12 192
23 193
8 194
23 195
29 196
11 197
8 198
21 199
12 200
15 201
7 202
7 203
7 204
8 205
30 206
31 207
11 208
11 209
8 210
11 211
14 212
23 213
25 214
21 215
26 216
30 217
12 218
11 219
11 220
11 221
11 222
11 223
12 224
12 225
19 226
24 227
26 228
29 229
13 230
14 231
14 232
14 233
14 234
15 235
15 236
23 237
24 238
26 239
30 240
16 241
16 242
16 243
16 244
23 245
17 246
17 247
18 248
18 249
18 250
18 251
18 252
18 253
19 254
21 255
21 256
21 257
22 258
23 259
23 260
23 261
23 262
30 263
24 264
25 265
25 266
27 267
26 268
30 269
26 270
26 271
30 272
31 273
27 274
30 275
29 276
28 277
30 278
31 279
31 280
0.500000
