296 397 0
0.234890 -0.380490 -0.459640
0.118750 0.237520 0.389310
-0.468180 0.233500 0.337830
-0.484200 -0.305540 0.446920
-0.184550 -0.309780 -0.430450
0.254050 -0.059203 -0.248670
0.414810 -0.384570 -0.286670
0.317760 -0.191210 -0.286370
0.445470 0.122420 -0.471530
0.278910 0.202030 0.118810
-0.034539 0.124730 0.386350
0.085659 0.051280 0.161570
-0.495240 0.491640 0.294520
0.139690 -0.490610 0.318350
-0.126350 0.026773 0.207340
0.201060 0.126150 -0.197540
0.251480 0.189550 0.070037
0.219210 0.282190 -0.170970
-0.396470 -0.113640 0.303460
-0.125280 0.485530 -0.110890
0.234060 0.270580 0.021527
0.155680 0.348090 0.150950
-0.340660 -0.108820 0.294540
-0.421440 0.171690 -0.063521
-0.169810 -0.338880 -0.049701
-0.381160 0.329230 0.064516
0.294190 0.174510 0.420420
-0.437700 0.242810 0.417680
-0.478730 -0.039242 -0.278450
-0.092460 -0.203260 0.273540
-0.040869 -0.087086 0.091698
-0.213630 -0.483040 0.434220
-0.280620 -0.267080 0.049910
-0.285990 0.256880 0.489210
0.182290 -0.500000 -0.407710
0.103410 -0.500000 -0.416220
0.281440 -0.330860 -0.500000
0.255740 -0.421160 -0.500000
0.246940 -0.369540 -0.500000
0.269420 -0.401700 -0.500000
0.220140 -0.373360 -0.500000
0.200760 -0.337450 -0.500000
0.145110 -0.500000 -0.460930
0.500000 -0.275640 -0.466210
0.111500 -0.368330 -0.500000
0.289450 -0.375000 -0.500000
0.102290 -0.386940 -0.500000
0.292810 -0.500000 -0.495940
0.229560 -0.358000 -0.500000
0.218880 -0.422520 -0.500000
0.155110 -0.424370 -0.500000
-0.105480 0.091506 0.500000
-0.236180 -0.002137 0.500000
-0.148800 -0.030336 0.500000
0.288060 -0.500000 -0.308050
0.182130 -0.500000 -0.320220
-0.028993 -0.500000 -0.193930
0.084194 0.500000 0.383930
0.038052 0.181320 0.500000
0.237540 0.433680 0.500000
-0.077856 0.241400 0.500000
0.141660 0.199820 0.500000
0.113220 0.419670 0.500000
0.170930 0.237830 0.500000
0.389730 -0.500000 -0.281790
-0.065617 -0.500000 -0.397560
0.073216 -0.500000 -0.357920
-0.066927 -0.500000 -0.255490
0.500000 -0.447390 -0.302040
-0.431790 -0.434910 0.500000
-0.250000 -0.500000 0.459790
-0.500000 0.183890 0.355990
-0.500000 0.244730 0.273760
-0.500000 0.207030 0.388720
-0.500000 0.241590 0.333890
-0.500000 0.222020 0.353030
-0.500000 0.292110 0.339280
-0.486270 0.500000 0.295910
0.123180 0.500000 0.205150
-0.181610 0.500000 0.450210
-0.280310 0.017973 0.500000
-0.259770 0.021606 0.500000
-0.341040 0.174330 0.500000
-0.279680 0.241000 0.500000
-0.500000 -0.293990 0.448900
-0.500000 -0.314770 0.439590
-0.483920 -0.373720 0.500000
-0.414290 -0.263480 0.500000
-0.500000 -0.306880 0.393650
-0.444910 -0.234750 0.500000
-0.500000 -0.315910 0.464210
-0.500000 -0.283000 0.466530
-0.500000 -0.428020 0.282570
-0.499620 -0.329200 0.500000
0.439720 -0.105610 -0.500000
0.459640 0.111120 -0.500000
-0.051330 0.115600 0.500000
-0.081493 -0.020707 0.500000
-0.109260 -0.266350 -0.500000
-0.015480 -0.500000 -0.451270
-0.500000 -0.314890 -0.117700
-0.348000 -0.500000 -0.095107
-0.500000 -0.306000 -0.488270
-0.300950 0.063631 -0.500000
-0.172030 -0.324010 -0.500000
-0.166870 -0.352450 -0.500000
-0.319350 -0.500000 -0.387020
-0.283760 -0.251050 -0.500000
-0.120220 -0.124890 -0.500000
-0.148600 -0.429100 -0.500000
-0.348690 -0.500000 -0.414980
0.500000 0.142040 -0.433990
-0.500000 -0.122860 0.360370
-0.500000 0.154440 0.430870
-0.500000 0.490560 0.288790
-0.113670 0.500000 -0.108380
0.126650 0.500000 0.067143
0.138630 -0.124300 -0.500000
0.500000 -0.004649 0.227790
0.269020 0.092016 -0.500000
0.500000 0.203130 0.009231
0.500000 0.031180 -0.197650
0.500000 -0.150600 -0.196890
-0.500000 0.475790 0.284140
-0.500000 0.123240 0.206270
-0.500000 0.224600 0.053679
-0.500000 0.288430 0.118710
0.463530 -0.457930 -0.500000
0.147490 -0.500000 0.319280
0.500000 -0.478570 -0.197000
0.500000 -0.403480 -0.304250
0.500000 -0.319500 -0.025401
0.500000 -0.331560 -0.334340
0.500000 -0.368600 -0.451900
0.435970 -0.500000 -0.246400
0.419460 -0.500000 -0.371950
0.500000 -0.339750 -0.248040
0.500000 -0.410290 -0.078867
0.387700 -0.500000 -0.199090
0.500000 -0.208860 0.097842
0.173420 -0.176800 -0.500000
0.500000 -0.185650 -0.365400
0.500000 -0.043062 0.185440
0.291250 0.036076 -0.500000
0.500000 -0.208690 -0.224290
0.173860 0.500000 -0.176090
-0.102140 0.500000 -0.116850
0.178820 0.500000 -0.099288
0.148890 0.500000 -0.013958
0.164490 -0.421400 0.500000
0.069911 -0.294020 0.500000
-0.098490 -0.447460 0.500000
0.144130 -0.077601 0.500000
0.228170 -0.161660 0.500000
0.224730 -0.288740 0.500000
0.275800 -0.024762 0.500000
0.173240 -0.206540 0.500000
0.500000 -0.156760 0.319780
0.500000 -0.292130 0.355580
0.140140 -0.500000 0.318110
0.500000 0.146050 -0.489850
0.388210 0.079045 -0.500000
0.500000 0.067990 -0.471680
0.372850 0.317720 -0.500000
0.413240 0.130490 -0.500000
0.500000 0.203030 0.007247
0.500000 0.124190 -0.417120
0.499450 0.206630 -0.500000
0.425740 0.100930 -0.500000
0.500000 0.050187 -0.405950
0.456890 0.129110 -0.500000
-0.306820 -0.144800 0.500000
-0.284190 -0.143510 0.500000
-0.193950 -0.178330 0.500000
-0.226150 -0.373140 0.500000
0.112090 -0.064566 -0.500000
0.500000 0.053442 0.300330
0.500000 0.196960 0.105440
0.500000 0.203410 0.009627
0.191840 0.043620 0.500000
-0.078113 0.241210 0.500000
-0.139420 0.146850 0.500000
0.040303 0.124280 0.500000
-0.500000 -0.208930 0.160420
-0.500000 -0.024346 -0.038635
-0.500000 -0.322580 -0.014136
-0.500000 -0.081875 -0.235910
-0.500000 -0.299480 0.016393
0.500000 0.015394 0.327640
-0.500000 0.499570 0.242560
-0.078559 0.241630 0.500000
-0.500000 0.485660 0.284990
-0.443210 0.440930 0.500000
-0.500000 0.492290 0.296480
-0.488770 0.500000 0.287100
-0.488080 0.500000 0.309910
-0.481450 0.500000 0.305380
-0.497480 0.500000 0.302660
-0.498950 0.500000 0.291050
0.157400 -0.500000 0.330710
0.128560 -0.500000 0.323830
0.091774 -0.500000 0.410470
0.131610 -0.500000 0.314750
0.500000 -0.474540 0.354700
0.138190 -0.500000 0.323870
0.147190 -0.500000 0.305120
0.122290 -0.500000 0.313190
-0.168730 0.139650 0.500000
-0.206830 -0.500000 0.435200
0.500000 0.047032 0.294890
0.500000 0.049301 0.369700
-0.340310 -0.500000 -0.031392
-0.388740 -0.500000 -0.046454
-0.264750 -0.500000 0.293530
-0.366890 -0.500000 -0.016061
-0.301460 0.267390 -0.500000
0.254740 0.153780 -0.500000
0.500000 0.203340 0.009323
0.031581 0.500000 -0.340620
0.082069 0.230240 -0.500000
-0.349980 -0.047161 0.500000
-0.322270 -0.043409 0.500000
-0.397480 0.174030 0.500000
-0.287040 0.243870 0.500000
0.500000 0.195070 0.098180
0.500000 0.203390 0.009563
-0.500000 -0.061036 -0.299350
-0.346850 0.305990 -0.500000
-0.374950 0.276800 -0.500000
-0.387620 0.235300 -0.500000
0.314010 0.449360 -0.500000
0.260900 0.196390 -0.500000
0.500000 0.203480 0.009335
0.048437 0.500000 -0.324260
0.500000 0.455250 -0.025664
0.084520 0.282780 -0.500000
0.280250 0.500000 -0.124920
-0.500000 -0.445170 0.245490
-0.226680 0.500000 -0.092971
-0.095705 0.500000 -0.166000
-0.129100 0.500000 -0.107280
-0.214250 0.500000 -0.138380
-0.500000 0.175260 -0.145830
-0.500000 -0.021895 -0.288850
0.500000 0.206130 0.091864
0.500000 0.203470 0.009512
0.500000 0.446930 0.048396
0.289570 0.500000 -0.024469
-0.500000 0.450680 -0.045897
-0.496960 0.500000 -0.019166
0.500000 0.212450 0.108100
0.500000 0.491030 0.095168
0.259650 0.500000 0.356680
-0.078060 0.241460 0.500000
0.040915 0.500000 0.098597
0.229720 0.500000 0.064849
-0.500000 -0.449190 0.244560
-0.199980 0.113420 0.500000
-0.500000 0.213020 -0.058478
-0.500000 0.128370 -0.081238
-0.500000 0.261270 0.009983
-0.491360 0.500000 -0.206680
-0.176410 -0.500000 0.016410
0.035965 -0.500000 -0.038621
-0.236140 -0.500000 0.039291
0.500000 0.192380 0.156470
-0.500000 -0.039846 -0.270710
-0.078312 0.241440 0.500000
-0.500000 0.350920 0.083006
-0.328190 0.500000 0.036354
-0.475510 0.500000 -0.164460
0.500000 0.383910 0.230480
0.327110 0.082038 0.500000
0.333660 0.353740 0.500000
0.458610 0.120340 0.500000
0.266420 0.161120 0.500000
0.500000 0.451850 0.393360
0.300600 0.186930 0.500000
-0.173690 -0.494650 0.500000
-0.500000 0.248610 0.480210
-0.500000 0.194550 0.488640
-0.421980 0.265000 0.500000
-0.500000 0.256520 0.400500
-0.500000 0.220520 0.435990
-0.500000 0.334860 0.392330
-0.081681 0.241660 0.500000
-0.288170 0.259950 0.500000
-0.500000 -0.044114 -0.286650
-0.500000 -0.058918 -0.413280
-0.500000 -0.046449 -0.292650
-0.500000 -0.457570 0.245860
-0.221610 -0.500000 0.417780
-0.500000 -0.454020 0.240110
-0.283880 0.271070 0.500000
-0.261110 0.234020 0.500000
-0.270780 0.280340 0.500000
0 4
0 5
0 6
0 7
0 8
0 24
1 9
1 10
1 11
1 21
1 26
2 12
2 14
2 18
2 22
2 23
2 25
2 27
2 33
3 18
3 22
3 31
4 5
4 7
4 15
4 24
4 28
4 30
5 7
5 8
5 11
5 15
5 16
5 24
5 30
6 7
6 13
6 24
7 8
7 11
7 13
7 24
7 30
8 15
8 17
9 11
9 16
9 20
9 21
9 26
10 11
10 14
10 21
10 22
10 25
10 26
10 29
10 33
11 13
11 14
11 15
11 16
11 19
11 20
11 21
11 26
11 29
11 30
12 19
12 21
12 25
12 27
12 33
13 24
13 29
13 30
13 31
14 19
14 21
14 22
14 23
14 25
14 27
14 29
14 30
14 32
14 33
15 16
15 17
15 19
15 20
15 23
15 28
15 30
16 20
16 21
17 19
17 20
17 21
18 22
18 23
18 27
18 32
19 20
19 21
19 23
19 25
19 30
20 21
21 25
21 26
22 23
22 27
22 29
22 31
22 32
22 33
23 25
23 28
23 30
23 32
24 28
24 29
24 30
24 31
24 32
25 33
27 33
28 30
28 32
29 30
29 31
29 32
30 32
31 32
0 34
0 35
0 36
0 37
0 38
0 39
0 40
0 41
0 42
0 43
0 44
0 45
0 46
0 47
0 48
0 49
0 50
10 51
22 52
29 53
6 54
7 55
24 56
1 57
1 58
1 59
1 60
1 61
1 62
1 63
6 64
4 65
7 66
24 67
6 68
3 69
31 70
2 71
2 72
2 73
2 74
2 75
2 76
12 77
21 78
33 79
18 80
22 81
27 82
33 83
3 84
3 85
3 86
3 87
3 88
3 89
3 90
3 91
3 92
3 93
7 94
8 95
10 96
29 97
4 98
4 99
4 100
4 101
4 102
4 103
4 104
4 105
4 106
4 107
4 108
4 109
4 110
8 111
18 112
27 113
12 114
19 115
21 116
5 117
5 118
5 119
5 120
5 121
5 122
12 123
18 124
23 125
25 126
6 127
13 128
6 129
6 130
6 131
6 132
6 133
6 134
6 135
6 136
6 137
6 138
7 139
7 140
7 141
7 142
7 143
7 144
17 145
19 146
20 147
21 148
13 149
29 150
31 151
10 152
11 153
13 154
26 155
29 156
11 157
13 158
13 159
8 160
8 161
8 162
8 163
8 164
8 165
8 166
8 167
8 168
8 169
8 170
18 171
22 172
29 173
31 174
15 175
9 176
9 177
9 178
10 179
10 180
10 181
10 182
18 183
23 184
24 185
28 186
32 187
11 188
12 189
12 190
12 191
12 192
12 193
12 194
12 195
12 196
12 197
12 198
13 199
13 200
13 201
13 202
13 203
13 204
13 205
13 206
14 207
31 208
16 209
26 210
24 211
28 212
31 213
32 214
15 215
15 216
15 217
15 218
15 219
18 220
22 221
27 222
33 223
16 224
16 225
28 226
19 227
23 228
28 229
17 230
17 231
17 232
17 233
17 234
17 235
17 236
18 237
19 238
19 239
19 240
19 241
23 242
28 243
20 244
20 245
20 246
20 247
23 248
25 249
21 250
21 251
21 252
21 253
21 254
21 255
22 256
22 257
23 258
23 259
23 260
23 261
24 262
24 263
24 264
26 265
28 266
25 267
25 268
25 269
25 270
26 271
26 272
26 273
26 274
26 275
26 276
26 277
31 278
27 279
27 280
27 281
27 282
27 283
27 284
33 285
33 286
28 287
28 288
28 289
31 290
31 291
32 292
33 293
33 294
33 295
0.500000
