259 363 0
0.226920 0.073751 0.318330
-0.429310 0.190120 -0.141360
0.136620 0.023346 0.243600
0.154820 0.073787 0.202820
-0.382860 0.217150 -0.407630
0.184810 -0.080812 -0.072278
-0.140940 0.207730 0.039126
0.122700 0.149920 -0.107840
0.254310 -0.307190 0.160320
-0.092397 0.297670 -0.086622
0.423950 0.375820 -0.379680
0.047326 0.008708 -0.379720
0.316290 0.012702 0.467080
-0.053735 -0.222170 -0.010182
-0.152060 -0.450160 0.413660
-0.495440 -0.491580 -0.319610
0.221050 0.279330 -0.294040
0.008219 0.035048 0.227680
0.317560 0.089181 -0.053394
0.071092 0.330330 0.021688
-0.311300 -0.394870 -0.106830
0.257950 -0.188270 0.071415
-0.226680 -0.440310 -0.235310
0.120400 -0.183980 0.496010
0.244930 -0.204930 -0.456870
0.221450 0.459640 0.317600
0.495300 0.263410 -0.194280
-0.112480 0.017246 0.111060
-0.414850 -0.097174 0.302570
0.197430 0.230910 0.275740
0.070275 -0.148070 -0.331010
0.455510 -0.404310 -0.156400
0.247940 0.250610 0.500000
0.500000 -0.034540 0.367610
-0.500000 0.200190 -0.161350
-0.500000 0.193810 -0.047009
-0.500000 0.138580 -0.169160
-0.405810 0.500000 -0.369360
-0.500000 0.459790 0.167680
-0.493080 0.172660 -0.500000
-0.500000 0.204780 -0.133770
-0.263510 0.500000 -0.064804
-0.500000 0.009385 -0.351910
-0.212470 0.500000 -0.219570
-0.500000 0.309480 -0.154540
-0.500000 -0.108200 -0.053886
-0.490890 -0.500000 -0.329610
-0.250770 -0.500000 -0.310620
0.500000 -0.199100 0.428430
0.500000 -0.193480 0.433020
0.500000 -0.197380 0.427060
0.500000 -0.197390 0.432950
0.500000 0.354220 -0.373440
0.500000 0.263120 -0.195910
0.500000 0.463770 -0.316930
0.500000 0.279920 -0.197590
-0.164360 -0.462310 0.500000
-0.328610 0.248510 -0.500000
-0.078473 0.137070 -0.500000
-0.144920 -0.500000 0.423270
-0.500000 0.225390 -0.370650
-0.211380 -0.500000 0.414960
0.119850 -0.181550 0.500000
-0.399760 0.500000 -0.402880
-0.473400 0.181050 -0.500000
-0.127250 0.255710 -0.500000
-0.379050 0.282370 -0.500000
-0.492750 -0.010546 -0.500000
-0.391100 0.139310 -0.500000
-0.376310 0.211450 -0.500000
-0.333810 0.171270 -0.500000
-0.208670 0.500000 -0.255380
-0.500000 0.351160 -0.263190
-0.500000 -0.137290 -0.089821
0.226890 0.500000 0.349570
-0.500000 0.205050 0.147640
-0.500000 -0.003580 0.272100
0.307160 0.008148 0.500000
0.121710 -0.182050 0.500000
0.500000 -0.192850 -0.123950
0.500000 -0.255030 -0.048729
0.500000 -0.111390 -0.108700
0.500000 -0.218220 -0.075456
0.500000 -0.223710 -0.236510
0.500000 -0.354470 -0.152210
0.046825 0.500000 -0.128380
0.307580 0.500000 -0.284490
0.184100 0.500000 -0.217300
0.115360 0.500000 -0.072465
0.293850 0.500000 -0.174750
0.500000 -0.381520 0.033387
0.500000 -0.411630 -0.143380
-0.500000 -0.492330 -0.319190
-0.219930 -0.448100 0.500000
0.500000 0.147810 -0.088563
0.500000 0.259210 -0.189980
0.500000 0.189690 -0.017497
0.074960 -0.500000 0.181080
-0.062052 -0.500000 0.123980
-0.130980 -0.500000 0.360330
-0.211330 -0.500000 0.017493
-0.181580 -0.500000 -0.113380
-0.500000 0.482800 0.197340
-0.355930 0.226550 0.500000
-0.256520 0.500000 -0.060388
-0.043030 0.500000 0.148660
-0.487930 0.429450 0.500000
0.204000 0.498480 0.500000
-0.166020 -0.387470 0.500000
-0.103160 -0.088054 0.500000
0.115330 -0.184270 0.500000
-0.324020 -0.143410 0.500000
-0.500000 -0.485720 -0.319200
-0.500000 -0.163870 0.223700
0.024139 0.021201 -0.500000
0.333260 -0.176540 -0.500000
0.500000 0.262800 -0.195560
0.390800 -0.500000 -0.070238
-0.500000 0.488280 0.201880
-0.500000 0.440900 0.208960
-0.500000 -0.486390 -0.303610
-0.500000 -0.382520 -0.012319
-0.500000 -0.227700 0.177950
0.500000 -0.405580 0.142050
0.161000 -0.500000 0.364300
0.500000 -0.269770 0.060628
0.461920 -0.500000 0.278240
-0.200480 -0.500000 0.272340
0.042363 -0.383590 0.500000
0.222130 -0.500000 0.141600
0.466620 -0.322540 0.500000
0.500000 -0.052646 0.359640
0.467080 0.500000 -0.367650
0.216520 0.500000 0.005975
0.441570 0.500000 -0.097849
-0.498140 -0.500000 -0.296430
-0.416350 -0.500000 -0.040477
0.086564 0.294620 -0.500000
-0.253500 0.500000 -0.063795
-0.164610 0.500000 -0.204590
-0.254260 0.149200 0.500000
-0.095764 0.353670 0.500000
-0.432750 0.065968 0.500000
-0.141940 0.233000 0.500000
0.500000 0.268420 -0.188700
0.124930 -0.189870 0.500000
-0.289450 -0.500000 0.424180
-0.500000 -0.263280 0.348670
0.500000 0.466590 0.289390
0.458870 0.116960 -0.500000
0.254900 0.329340 -0.500000
0.500000 0.384770 -0.414410
0.339620 0.500000 -0.395040
0.351160 0.350240 -0.500000
0.271000 0.410920 -0.500000
0.434490 0.360630 -0.500000
0.435280 0.500000 -0.359100
0.110300 -0.454550 -0.500000
0.237640 -0.288400 -0.500000
0.170400 -0.352490 -0.500000
0.270310 -0.448050 -0.500000
0.355260 0.015986 -0.500000
0.092113 0.170640 -0.500000
-0.351120 -0.109460 -0.500000
0.065121 -0.143730 -0.500000
-0.037364 0.023185 -0.500000
0.382500 0.500000 0.263650
0.500000 0.452140 0.206960
0.500000 -0.053349 0.491300
0.299410 0.103780 0.500000
0.333790 0.016280 0.500000
0.408120 -0.172070 0.500000
0.500000 -0.036188 0.376150
0.426570 0.066021 -0.500000
0.457780 0.025279 -0.500000
0.355300 -0.096263 -0.500000
0.475130 0.050531 -0.500000
-0.205850 -0.500000 0.271070
0.093874 -0.500000 0.070450
-0.500000 -0.211550 -0.023052
-0.105400 -0.500000 0.444960
-0.204360 -0.500000 0.281900
-0.090082 -0.429460 0.500000
-0.479930 -0.343780 0.500000
0.117400 -0.214070 0.500000
0.155410 0.289450 -0.500000
0.290950 0.500000 0.186160
0.238210 0.500000 0.171190
0.250960 0.500000 0.272100
0.324060 0.500000 0.143690
0.273490 0.500000 0.224940
-0.499120 -0.500000 -0.316600
-0.500000 -0.493860 -0.314800
-0.500000 -0.472740 -0.334320
-0.500000 -0.486700 -0.332930
-0.485470 -0.500000 -0.318680
-0.352010 -0.427410 -0.500000
-0.500000 -0.447290 -0.272920
0.243480 0.500000 -0.368640
-0.500000 -0.491710 -0.128600
0.500000 -0.210200 0.016630
0.500000 -0.377920 -0.138360
0.500000 -0.425230 -0.172840
-0.112350 0.500000 -0.241740
0.141420 0.381200 -0.500000
-0.107630 0.094988 0.500000
0.199790 0.262070 0.500000
-0.438490 0.384710 0.500000
-0.199490 -0.500000 -0.216310
-0.245460 0.500000 -0.059357
-0.500000 -0.235800 -0.439550
-0.500000 -0.230400 -0.497530
-0.390290 -0.167390 -0.500000
0.022338 -0.250760 -0.500000
0.168600 -0.208120 -0.500000
0.072420 -0.196620 -0.500000
0.116530 -0.180430 0.500000
0.500000 -0.465650 -0.034982
0.126760 -0.160090 0.500000
0.246270 0.370420 0.500000
0.241360 0.303750 0.500000
0.500000 -0.031212 0.342470
0.120840 -0.190140 0.500000
-0.210320 -0.500000 0.263620
-0.208990 -0.500000 0.274270
-0.127710 0.500000 -0.177760
0.054200 0.500000 0.112610
-0.276240 -0.500000 -0.162050
-0.293470 -0.500000 -0.064050
-0.500000 -0.231990 -0.033250
0.500000 -0.046932 0.355080
0.114970 -0.192590 0.500000
0.246190 0.500000 0.302530
0.312010 -0.287650 -0.500000
0.410430 -0.400270 -0.500000
-0.220340 -0.500000 -0.246240
-0.124130 -0.500000 -0.147250
-0.089507 -0.500000 -0.239620
-0.227310 -0.500000 -0.190470
-0.186250 -0.387290 -0.500000
-0.500000 -0.127610 0.364100
0.192490 0.500000 0.304600
0.167100 -0.201960 0.500000
0.245210 -0.217600 -0.500000
-0.354080 0.457050 0.500000
-0.500000 0.312490 0.489960
-0.385140 0.411410 0.500000
-0.500000 -0.068479 0.408710
0.365080 -0.500000 -0.060449
0.240280 0.500000 0.434780
0.277540 0.468090 0.500000
0.500000 -0.017885 0.367620
-0.500000 -0.141910 0.319470
0.269040 -0.500000 -0.282850
0.433490 -0.500000 -0.187440
-0.500000 -0.197470 -0.015783
0.500000 -0.028707 0.366120
-0.500000 -0.185660 0.048814
-0.500000 -0.206780 0.250840
0 2
0 3
0 8
0 12
0 17
0 18
0 21
0 23
0 29
1 4
1 6
1 9
1 11
1 13
1 20
1 27
1 28
1 30
2 3
2 5
2 8
2 12
2 13
2 17
2 21
2 23
2 29
3 5
3 6
3 7
3 17
3 18
3 19
3 21
3 27
3 29
4 9
4 11
4 20
4 22
5 7
5 11
5 13
5 17
5 18
5 21
5 24
5 27
5 30
5 31
6 7
6 9
6 11
6 17
6 19
6 25
6 27
6 28
6 29
7 9
7 11
7 13
7 16
7 17
7 18
7 19
7 27
7 30
8 12
8 13
8 14
8 17
8 21
8 23
8 31
9 11
9 16
9 19
10 16
10 26
11 13
11 16
11 18
11 20
11 22
11 24
11 27
11 30
12 23
12 29
13 14
13 17
13 20
13 21
13 22
13 23
13 27
13 28
13 30
13 31
14 17
14 23
14 27
14 28
15 20
15 22
16 18
16 19
16 24
16 26
17 19
17 21
17 23
17 27
17 28
17 29
18 19
18 21
18 24
18 26
18 29
19 25
19 26
19 29
20 22
20 28
20 30
21 31
22 30
22 31
23 28
24 30
24 31
25 29
27 28
30 31
0 32
0 33
1 34
1 35
1 36
1 37
1 38
1 39
1 40
1 41
1 42
1 43
1 44
1 45
15 46
22 47
8 48
12 49
21 50
23 51
10 52
26 53
10 54
26 55
14 56
4 57
11 58
14 59
4 60
14 61
23 62
4 63
4 64
4 65
4 66
4 67
4 68
4 69
4 70
4 71
4 72
4 73
25 74
6 75
28 76
12 77
23 78
5 79
8 80
18 81
21 82
24 83
31 84
9 85
10 86
16 87
19 88
26 89
8 90
31 91
15 92
14 93
18 94
26 95
29 96
8 97
13 98
14 99
20 100
22 101
6 102
6 103
6 104
6 105
6 106
25 107
14 108
17 109
23 110
28 111
15 112
28 113
11 114
24 115
26 116
31 117
25 118
28 119
15 120
20 121
28 122
8 123
8 124
8 125
8 126
8 127
8 128
8 129
8 130
8 131
10 132
19 133
26 134
15 135
20 136
9 137
9 138
9 139
17 140
25 141
28 142
29 143
26 144
23 145
14 146
28 147
25 148
10 149
10 150
10 151
10 152
10 153
10 154
10 155
10 156
22 157
24 158
30 159
31 160
11 161
11 162
11 163
11 164
11 165
25 166
29 167
12 168
12 169
12 170
12 171
12 172
16 173
18 174
24 175
26 176
13 177
13 178
13 179
14 180
14 181
14 182
14 183
23 184
16 185
18 186
19 187
25 188
26 189
29 190
15 191
15 192
15 193
15 194
15 195
15 196
15 197
16 198
20 199
21 200
31 201
31 202
16 203
16 204
17 205
17 206
17 207
22 208
19 209
20 210
22 211
30 212
22 213
24 214
30 215
23 216
31 217
23 218
25 219
29 220
18 221
23 222
20 223
28 224
19 225
19 226
20 227
20 228
20 229
21 230
23 231
25 232
24 233
31 234
22 235
22 236
22 237
22 238
22 239
28 240
25 241
23 242
24 243
25 244
28 245
29 246
28 247
31 248
25 249
25 250
25 251
28 252
30 253
31 254
27 255
29 256
28 257
28 258
0.500000
