287 385 0
0.267100 -0.135970 0.028196
0.298610 0.185780 -0.392740
0.149300 -0.231670 0.342140
0.090840 -0.219480 0.337510
-0.326570 -0.092948 -0.230130
0.012171 -0.440060 0.204060
-0.054920 -0.446350 0.148490
-0.142160 0.450430 -0.250570
0.117080 0.250620 0.133080
0.141940 0.098769 -0.196630
0.480020 0.042688 0.046458
-0.307350 -0.479840 -0.175610
-0.020949 0.234140 -0.175730
-0.224260 0.125060 -0.170310
0.153430 -0.480890 -0.122230
0.414460 -0.076473 0.192480
0.306330 -0.485890 0.461150
0.302790 -0.277870 -0.227280
-0.154430 0.430640 -0.044431
-0.386380 -0.072951 -0.160560
0.313080 -0.025649 -0.121830
0.131320 0.291230 0.499840
0.434910 0.113080 0.290420
-0.224420 -0.239360 -0.429200
-0.228320 0.177620 0.436240
0.474350 0.070011 -0.404080
0.255390 -0.058062 0.408180
-0.332810 0.198710 -0.347410
0.399030 -0.445340 -0.093963
0.419790 -0.314270 0.334650
0.068638 -0.210740 -0.392760
-0.264590 0.145170 -0.280870
-0.183120 -0.394900 -0.231580
0.473090 0.303590 -0.412080
0.114650 -0.500000 -0.242460
0.299080 -0.500000 0.451870
-0.500000 0.403350 -0.336530
-0.500000 0.260900 -0.368610
-0.125070 -0.500000 0.014849
-0.216550 -0.500000 -0.090670
-0.010560 -0.500000 -0.068568
-0.154220 -0.500000 -0.029204
-0.150540 -0.500000 -0.051356
0.500000 -0.319520 0.326500
0.500000 0.048285 0.106240
0.500000 0.015865 0.216330
0.500000 0.080162 0.251740
0.500000 -0.291880 0.006438
0.487050 -0.500000 0.086421
0.500000 0.045710 0.033010
0.500000 -0.074140 -0.127360
0.500000 0.027575 -0.085161
0.500000 0.069418 -0.349210
0.224050 0.371580 -0.500000
0.225520 -0.057028 -0.500000
0.500000 0.146090 -0.330960
0.500000 0.202140 -0.484460
0.248420 0.500000 -0.364970
0.240330 0.235130 -0.500000
0.500000 0.371280 -0.317390
0.343760 0.150650 -0.500000
0.500000 -0.309590 -0.304090
0.500000 0.042854 -0.407320
0.278110 -0.464570 -0.500000
0.335460 -0.365320 -0.500000
0.446710 -0.066013 -0.500000
-0.500000 0.215240 0.020734
-0.500000 0.267180 0.048294
-0.500000 0.225120 0.137180
-0.500000 0.225910 -0.049835
-0.500000 0.216740 -0.009207
-0.230780 -0.367490 -0.500000
-0.209380 -0.500000 -0.411390
0.283820 -0.252330 0.500000
0.034128 -0.195310 0.500000
0.268690 -0.373970 0.500000
0.231800 -0.199780 0.500000
0.161370 -0.269440 0.500000
-0.191250 0.500000 -0.194710
-0.213920 0.500000 -0.032200
-0.500000 -0.252330 -0.178560
-0.500000 -0.462790 -0.147220
-0.080574 0.500000 -0.351020
0.346130 0.426360 -0.500000
-0.233190 0.152160 0.500000
-0.290400 0.130340 0.500000
0.321150 -0.412530 0.500000
0.306910 -0.167850 0.500000
0.373590 -0.279430 0.500000
-0.500000 0.025886 -0.180670
-0.500000 0.214170 -0.296820
-0.177710 -0.084517 0.500000
0.007817 -0.189670 0.500000
0.263700 -0.373240 0.500000
-0.500000 -0.015130 0.018256
0.210420 -0.194780 0.500000
0.129340 -0.263340 0.500000
0.500000 -0.051430 0.297440
0.500000 0.062377 0.342600
0.500000 -0.031760 0.421810
0.500000 -0.187790 0.374700
0.002745 -0.376450 -0.500000
-0.175440 -0.267150 -0.500000
0.016699 -0.258510 -0.500000
-0.108090 -0.355350 -0.500000
-0.500000 -0.201020 -0.356800
-0.444790 0.116970 -0.500000
-0.500000 -0.164180 -0.170120
0.309600 -0.500000 0.475480
0.131570 0.291300 0.500000
-0.046713 0.455000 -0.500000
0.131310 0.291110 0.500000
-0.026755 -0.500000 0.210540
0.006586 -0.500000 0.250140
0.015710 -0.471710 0.500000
-0.034635 -0.246350 0.500000
0.042023 -0.500000 0.139390
0.441520 -0.500000 0.099625
0.058414 -0.500000 0.177220
0.266990 -0.391240 0.500000
0.110390 -0.366690 0.500000
-0.072249 -0.500000 0.169930
-0.263860 -0.097654 0.500000
-0.053985 -0.238680 0.500000
-0.012659 -0.500000 0.101400
-0.342510 -0.500000 0.193810
-0.500000 -0.036776 0.009648
-0.500000 -0.208790 0.433830
-0.278880 -0.500000 0.040377
-0.139060 0.500000 -0.278310
-0.133870 0.500000 -0.241230
-0.500000 0.378510 -0.128250
-0.171730 0.500000 -0.316160
-0.104110 0.500000 -0.259890
0.069446 0.344010 -0.500000
-0.192900 0.500000 -0.297590
-0.500000 0.486630 -0.462670
0.500000 0.402850 -0.302930
-0.127230 0.442490 -0.500000
-0.134370 0.500000 -0.251170
-0.163040 0.475600 -0.500000
-0.386640 0.275590 -0.500000
-0.209540 0.500000 -0.244240
-0.089786 0.500000 -0.178820
0.341230 -0.455290 0.500000
0.471070 -0.300200 0.500000
0.500000 0.389040 -0.271960
0.500000 0.230570 0.397520
0.378700 0.500000 0.070905
0.103620 0.500000 0.097868
0.500000 0.037478 -0.426970
-0.265180 0.092182 0.500000
0.173890 -0.257430 -0.500000
0.203300 -0.228600 -0.500000
-0.022499 -0.227590 -0.500000
0.303040 -0.095102 -0.500000
0.134550 -0.213870 -0.500000
0.500000 0.064666 -0.040015
0.500000 0.093658 -0.263980
0.500000 0.088495 -0.377280
0.500000 0.252620 -0.381960
0.500000 0.331990 -0.415620
0.166030 -0.500000 -0.124110
0.307830 -0.500000 -0.186720
0.382060 -0.500000 -0.104220
0.289380 -0.500000 0.460380
0.164490 0.236060 -0.500000
0.500000 0.375940 -0.296660
0.131340 0.291180 0.500000
0.274230 -0.487990 0.500000
0.500000 0.055575 0.042505
0.500000 -0.030946 0.037434
0.500000 0.018482 0.056909
0.500000 0.180940 -0.089537
0.473250 0.500000 0.048374
0.131250 0.291390 0.500000
-0.173470 0.249050 0.500000
-0.141490 0.500000 -0.062855
-0.500000 -0.410850 -0.335500
-0.306240 -0.500000 -0.202250
-0.345060 -0.500000 -0.110390
-0.500000 -0.379100 -0.136810
-0.319380 -0.500000 -0.181610
0.500000 0.127210 0.211720
-0.500000 0.270240 -0.109960
-0.500000 0.373290 -0.067463
-0.500000 0.278010 -0.204550
0.500000 0.115850 -0.438870
0.500000 0.269790 -0.445210
-0.232460 -0.261070 -0.500000
0.120170 0.275840 -0.500000
0.500000 0.390950 -0.298070
0.348450 0.500000 -0.007492
0.048636 0.500000 -0.025278
0.421810 -0.500000 -0.381130
-0.500000 0.013195 -0.022334
0.151830 -0.500000 -0.116900
0.151980 -0.500000 -0.130610
0.401230 -0.500000 0.031638
0.159550 -0.500000 -0.106580
0.144790 -0.500000 -0.129550
0.131070 0.290610 0.500000
-0.167830 0.058049 0.500000
0.121630 -0.105470 0.500000
0.425830 0.350400 -0.500000
-0.500000 -0.163620 -0.282840
-0.500000 -0.292800 -0.476390
0.500000 -0.212360 0.095960
0.500000 -0.327860 -0.070435
0.500000 -0.247240 -0.039664
0.500000 -0.026014 -0.312020
0.500000 -0.393870 -0.044240
0.500000 -0.331360 0.172840
0.340000 -0.500000 -0.087306
-0.068986 -0.500000 -0.171760
0.500000 -0.122240 0.184680
0.430280 -0.500000 0.210700
0.301890 -0.500000 0.438380
0.288410 -0.417200 0.500000
0.339600 -0.500000 0.457060
0.285200 -0.458410 0.500000
0.500000 -0.442190 0.479920
0.281630 -0.500000 0.481230
0.304260 -0.500000 0.483520
0.318960 -0.500000 0.481170
0.410420 0.500000 0.431320
0.480800 -0.500000 -0.204560
0.458230 -0.500000 -0.135480
0.500000 -0.291790 0.287620
0.480850 -0.500000 0.067078
0.488670 -0.500000 0.096434
-0.321930 0.500000 0.025554
-0.152570 0.500000 0.117130
-0.083609 0.500000 -0.010905
0.468520 0.356220 -0.500000
-0.461700 0.500000 0.175740
-0.078856 -0.045169 -0.500000
-0.052191 0.250200 -0.500000
0.117580 0.023474 -0.500000
0.016248 0.239030 -0.500000
0.348120 0.298600 -0.500000
0.500000 0.311540 -0.421900
0.130860 0.291910 0.500000
-0.196610 0.384150 0.500000
0.500000 0.148270 0.258880
0.131420 0.291090 0.500000
0.264540 -0.021964 0.500000
-0.473280 -0.500000 0.194170
-0.500000 -0.019744 -0.041577
-0.397980 -0.500000 -0.026509
-0.466470 0.134770 -0.500000
-0.500000 -0.134340 -0.137390
-0.298670 -0.378380 -0.500000
0.130220 0.500000 0.497420
0.500000 0.338670 -0.278870
0.366150 -0.500000 -0.060469
0.500000 0.063638 -0.401630
0.293320 -0.381940 0.500000
0.500000 0.233230 0.420540
0.370230 0.500000 0.183440
0.111090 0.500000 0.267280
-0.147460 -0.500000 -0.240330
-0.296460 -0.209940 -0.500000
0.500000 0.196610 0.380060
0.465020 0.500000 0.093890
-0.290320 -0.500000 -0.296740
-0.199770 -0.091369 -0.500000
-0.330720 -0.064509 -0.500000
-0.263750 -0.500000 -0.257670
-0.500000 0.316250 -0.452510
0.500000 -0.397190 0.349810
0.500000 0.348070 -0.363170
-0.500000 0.019799 0.051292
-0.338540 0.290230 0.500000
-0.500000 -0.117340 0.464210
-0.018911 0.500000 0.200580
0.468650 0.068796 -0.500000
0.500000 0.081266 -0.417000
-0.249500 0.287730 -0.500000
0.500000 0.202190 0.414430
0.323900 -0.038755 0.500000
0.269150 -0.116160 0.500000
-0.500000 0.034844 -0.065627
-0.500000 0.018229 -0.040579
-0.272830 0.318320 -0.500000
-0.426160 0.199710 -0.500000
0.500000 -0.330260 0.374510
0 2
0 3
0 4
0 5
0 6
0 8
0 9
0 10
0 13
0 14
0 15
0 17
0 20
0 26
0 28
0 29
0 30
0 32
1 7
1 9
1 12
1 20
1 25
1 30
1 33
2 3
2 5
2 15
2 16
2 26
2 29
3 5
3 6
3 8
3 13
3 19
3 24
3 26
4 6
4 9
4 11
4 13
4 19
4 23
4 27
4 30
4 31
4 32
5 6
5 14
5 16
5 28
5 29
6 13
6 14
6 19
6 32
7 12
7 13
7 18
7 27
7 31
8 9
8 10
8 12
8 13
8 15
8 18
8 20
8 21
8 22
8 24
8 26
9 10
9 12
9 13
9 20
9 30
9 31
9 32
10 15
10 20
10 22
11 19
11 23
11 32
12 13
12 18
12 31
13 18
13 19
13 24
13 27
13 30
13 31
14 17
14 28
14 30
14 32
15 22
15 26
15 29
16 29
17 20
17 25
17 28
17 30
18 21
18 24
18 27
18 31
19 24
19 27
19 31
19 32
20 25
20 30
21 22
21 24
21 26
22 26
23 27
23 30
23 31
23 32
24 26
25 30
25 33
26 29
27 31
30 31
30 32
14 34
16 35
7 36
27 37
6 38
11 39
14 40
19 41
32 42
29 43
10 44
15 45
22 46
0 47
0 48
10 49
17 50
20 51
25 52
1 53
1 54
1 55
1 56
1 57
1 58
1 59
1 60
17 61
25 62
14 63
17 64
25 65
13 66
18 67
24 68
27 69
31 70
23 71
32 72
2 73
2 74
2 75
2 76
2 77
7 78
18 79
4 80
11 81
7 82
33 83
21 84
24 85
16 86
26 87
29 88
19 89
27 90
3 91
3 92
3 93
3 94
3 95
3 96
15 97
22 98
26 99
29 100
14 101
23 102
30 103
32 104
4 105
4 106
4 107
16 108
21 109
7 110
21 111
5 112
5 113
5 114
5 115
5 116
5 117
5 118
5 119
5 120
6 121
6 122
6 123
6 124
6 125
6 126
6 127
6 128
7 129
7 130
7 131
7 132
7 133
7 134
7 135
7 136
7 137
7 138
7 139
7 140
7 141
7 142
7 143
16 144
29 145
8 146
8 147
8 148
8 149
25 150
24 151
14 152
17 153
23 154
25 155
30 156
10 157
20 158
25 159
33 160
33 161
14 162
17 163
28 164
16 165
9 166
9 167
21 168
16 169
10 170
10 171
10 172
10 173
10 174
21 175
24 176
18 177
11 178
11 179
11 180
11 181
11 182
22 183
13 184
18 185
27 186
25 187
33 188
23 189
12 190
12 191
12 192
12 193
17 194
13 195
14 196
14 197
14 198
14 199
14 200
21 201
24 202
26 203
33 204
19 205
23 206
15 207
17 208
20 209
25 210
28 211
29 212
28 213
32 214
15 215
16 216
16 217
16 218
16 219
16 220
16 221
16 222
16 223
16 224
21 225
17 226
28 227
29 228
28 229
29 230
18 231
18 232
18 233
33 234
24 235
23 236
27 237
30 238
31 239
33 240
33 241
21 242
24 243
22 244
21 245
26 246
19 247
19 248
19 249
19 250
19 251
23 252
21 253
20 254
28 255
25 256
29 257
21 258
21 259
21 260
32 261
23 262
22 263
22 264
23 265
23 266
23 267
32 268
27 269
29 270
33 271
24 272
24 273
24 274
24 275
25 276
25 277
27 278
26 279
26 280
26 281
27 282
31 283
27 284
27 285
29 286
0.500000
