306 403 0
0.479510 0.190780 -0.283100
-0.350320 -0.284630 -0.329040
-0.474430 0.184290 0.389070
-0.075020 0.403440 -0.459890
0.447140 0.005875 -0.332020
0.239910 -0.483690 0.088032
-0.122290 0.365210 -0.035190
-0.366570 0.008004 0.068464
-0.464010 -0.004465 0.146390
-0.346590 0.266330 0.282440
-0.045948 -0.216250 0.351080
0.353490 0.422320 -0.099262
-0.348530 0.392860 -0.101600
0.212500 0.213430 0.100500
0.465720 -0.188160 0.312350
0.249690 -0.334250 -0.136130
-0.313490 -0.240730 -0.441820
-0.481520 -0.079089 -0.102940
0.464130 0.062908 -0.207550
-0.417740 -0.408030 0.410430
-0.127860 0.298740 -0.337640
0.265010 -0.040027 -0.030267
0.043597 0.180520 0.119910
0.174350 -0.278340 0.245630
0.163750 -0.199650 0.460500
-0.040343 0.235510 0.467300
-0.376620 -0.181170 -0.134270
-0.054068 -0.118150 -0.430040
-0.481750 -0.017783 0.401150
-0.168230 0.495010 0.312780
0.114990 0.154770 0.122730
0.411230 0.453550 -0.295020
0.266040 0.363690 -0.359070
-0.273870 -0.204280 -0.500000
-0.065547 -0.103040 -0.500000
0.500000 0.167660 -0.265520
0.500000 0.180050 -0.290110
0.500000 0.187020 -0.268160
0.500000 0.219940 -0.331290
0.500000 0.210680 -0.274520
0.324740 0.216280 -0.500000
0.500000 0.156000 -0.244010
0.500000 0.195510 -0.292340
0.353840 0.309490 -0.500000
0.500000 0.204830 -0.292070
0.500000 0.185350 -0.279690
0.320040 0.500000 -0.149010
0.379520 0.500000 -0.295860
0.248600 0.500000 -0.337500
-0.500000 -0.015778 0.161800
-0.500000 -0.080785 -0.079747
-0.014960 0.431630 0.500000
-0.163570 0.500000 0.318530
-0.375820 -0.500000 0.394280
-0.184950 -0.231390 0.500000
-0.429050 -0.374690 0.500000
-0.478170 -0.077976 0.500000
0.500000 0.008614 -0.280710
0.500000 0.052962 -0.195430
-0.230470 -0.500000 -0.365350
-0.400110 -0.500000 -0.078620
-0.394460 -0.500000 0.012652
-0.429500 -0.500000 -0.341030
-0.500000 -0.184600 -0.476170
-0.500000 -0.309280 -0.341030
-0.500000 -0.234920 -0.384180
0.500000 -0.000253 -0.343710
-0.079305 0.396630 -0.500000
-0.382650 0.211540 0.500000
-0.322430 0.241700 0.500000
-0.216710 0.070390 0.500000
-0.116730 0.234580 0.500000
-0.390600 0.117300 0.500000
-0.268210 0.313620 0.500000
-0.019898 -0.123110 -0.500000
-0.042308 0.357850 -0.500000
-0.021989 0.252190 -0.500000
-0.013323 0.002418 -0.500000
0.156040 0.285510 -0.500000
-0.412540 0.500000 0.356800
-0.500000 0.188150 0.375180
-0.500000 0.204200 0.381910
-0.500000 0.057525 0.393760
-0.496100 0.298710 0.500000
-0.500000 0.173110 0.416260
-0.500000 0.161600 0.383510
-0.104680 0.464180 -0.500000
-0.245850 0.281450 -0.500000
-0.147130 0.500000 -0.471520
-0.083351 0.442070 -0.500000
-0.015517 0.434790 -0.500000
-0.029784 0.407600 -0.500000
-0.099323 0.384660 -0.500000
0.049108 0.387610 -0.500000
-0.070278 0.500000 -0.399420
-0.093147 0.411390 -0.500000
0.281360 0.075774 -0.500000
0.500000 -0.074076 -0.363080
0.500000 0.123320 -0.418290
0.325450 0.163400 -0.500000
0.500000 -0.047832 -0.263870
0.449210 -0.093853 -0.500000
0.500000 -0.183920 -0.346600
0.500000 0.038140 -0.348670
0.500000 -0.053596 -0.428790
-0.500000 -0.083758 -0.081177
0.500000 -0.376880 0.244820
0.221150 -0.500000 0.065168
0.289720 -0.427050 0.500000
0.013983 -0.500000 0.078196
0.270700 -0.500000 0.116650
0.226780 -0.500000 0.096756
0.500000 -0.265330 -0.050376
0.238710 -0.500000 0.074927
0.225060 -0.500000 0.200010
0.207860 -0.500000 0.088078
0.500000 -0.474060 0.362810
-0.022188 -0.500000 0.344200
0.275270 -0.500000 0.035104
0.223600 -0.500000 0.084484
0.056885 0.500000 -0.075554
-0.148520 0.500000 0.023500
-0.027869 0.500000 -0.077484
-0.091860 0.500000 -0.186100
0.042992 0.197390 -0.500000
0.028332 -0.027325 -0.500000
0.211360 0.232900 -0.500000
0.500000 0.325550 -0.084880
-0.339360 0.224280 -0.500000
-0.331930 0.090657 -0.500000
-0.346290 0.199710 -0.500000
-0.313840 0.224960 -0.500000
-0.340980 0.192710 -0.500000
-0.271120 0.135790 -0.500000
-0.398700 -0.500000 0.060610
-0.500000 0.467360 -0.159680
-0.114220 -0.500000 -0.324470
-0.221880 -0.500000 -0.382180
-0.226810 -0.500000 -0.344600
-0.191730 -0.500000 -0.378200
0.165810 -0.201360 0.500000
-0.370230 0.500000 0.319610
-0.364040 0.500000 0.089004
-0.175560 0.500000 0.313780
-0.291140 -0.256750 -0.500000
-0.072934 -0.158090 -0.500000
-0.404200 -0.500000 0.065060
-0.500000 0.015712 0.116520
-0.500000 0.014767 0.145140
-0.500000 -0.030807 0.159790
-0.500000 0.041951 0.161330
-0.500000 0.027351 0.363550
-0.500000 -0.089417 0.160440
-0.500000 -0.011782 0.169040
0.500000 0.299860 -0.039610
0.500000 0.143230 0.083669
0.500000 -0.157580 0.284360
0.500000 0.015758 0.016024
-0.500000 0.326580 0.285900
-0.500000 0.039552 0.391050
-0.319600 0.500000 0.237420
-0.317510 0.500000 -0.255350
-0.206050 0.500000 -0.422220
-0.500000 0.358830 -0.351220
-0.500000 -0.026405 -0.161400
0.500000 0.427460 -0.430750
-0.410820 -0.500000 -0.011437
-0.366740 -0.500000 0.087911
-0.119570 -0.205200 0.500000
-0.078709 -0.132400 0.500000
0.020235 0.088614 0.500000
-0.086571 -0.500000 0.406900
-0.032272 -0.258230 0.500000
-0.170540 0.040032 0.500000
0.356370 0.500000 -0.097264
0.500000 0.458230 -0.108990
0.266310 0.500000 -0.100150
0.351510 0.500000 0.089875
0.500000 0.160700 -0.131040
0.500000 0.451390 -0.051510
0.449590 0.500000 0.125990
0.500000 -0.250540 0.299760
0.500000 -0.350040 0.202360
0.500000 -0.342460 0.274030
0.132720 -0.500000 -0.171400
-0.149490 -0.500000 -0.183210
-0.494370 -0.500000 0.366190
0.358410 -0.335540 0.500000
0.265990 -0.375530 0.500000
0.203060 -0.260560 0.500000
-0.450590 -0.500000 0.463900
-0.500000 0.352640 -0.134200
-0.500000 0.358620 -0.043609
-0.500000 0.411710 0.025915
-0.292340 0.500000 -0.027578
-0.394970 0.500000 -0.105260
-0.472130 0.500000 -0.282850
-0.215730 0.500000 -0.204990
-0.330450 0.500000 0.001805
0.180100 0.500000 -0.054831
0.500000 0.111570 0.466420
0.314990 0.500000 0.266650
0.500000 0.088792 -0.104630
0.386600 0.214300 0.500000
0.477870 0.500000 0.320070
0.080416 0.242010 0.500000
0.500000 -0.188380 0.305930
0.500000 -0.107570 0.388820
0.500000 -0.183350 0.216160
0.500000 -0.088647 0.134050
0.500000 -0.200700 0.345470
0.500000 -0.309720 0.354660
0.500000 -0.187700 0.323160
0.451790 -0.213900 0.500000
0.408120 0.500000 -0.277030
-0.301110 -0.500000 0.030122
-0.405960 -0.500000 0.049318
-0.404800 -0.500000 0.146160
-0.332180 -0.500000 0.082216
-0.398530 -0.500000 0.043459
-0.421120 -0.500000 -0.387670
-0.500000 -0.065067 -0.108100
0.500000 0.471780 -0.261280
0.081550 0.500000 -0.171610
0.143680 0.500000 -0.054500
-0.149550 0.500000 0.289940
0.326420 0.500000 -0.226730
0.207270 0.500000 -0.200510
-0.500000 -0.065916 -0.093816
-0.500000 -0.088470 -0.078907
-0.500000 -0.362210 0.372880
-0.500000 -0.031117 0.391500
-0.500000 -0.419850 0.430560
0.274760 0.267750 -0.500000
-0.419940 -0.190960 -0.500000
-0.500000 -0.079304 -0.158960
0.500000 -0.220280 -0.120210
0.500000 -0.221610 -0.341520
0.150490 -0.469240 -0.500000
0.237970 -0.500000 -0.133890
0.432140 -0.500000 -0.298180
-0.318420 -0.245720 -0.500000
-0.500000 -0.286120 -0.411880
-0.346480 -0.331820 -0.500000
-0.388500 -0.313500 -0.500000
-0.337590 -0.241720 -0.500000
0.314940 -0.097282 0.500000
0.122240 -0.197430 0.500000
-0.454430 -0.046549 0.500000
-0.500000 -0.318120 0.433930
-0.500000 -0.020376 0.408310
0.500000 0.009052 -0.185330
0.500000 -0.124690 -0.085300
0.245930 0.500000 0.360420
-0.142500 0.500000 0.313230
-0.500000 -0.095546 -0.118390
-0.500000 -0.082177 -0.125380
-0.500000 -0.119360 -0.069986
-0.500000 -0.109980 -0.082326
0.500000 0.064047 -0.181370
0.500000 -0.159570 -0.319950
0.500000 0.046218 -0.121840
0.369170 0.500000 -0.430690
0.273790 0.457820 -0.500000
-0.500000 -0.359750 0.405990
0.072109 -0.143260 -0.500000
-0.404410 -0.445890 0.500000
-0.500000 -0.431890 0.348850
-0.101070 -0.500000 0.407810
-0.011100 0.500000 -0.209770
-0.088299 0.500000 -0.328470
-0.168700 0.500000 0.307850
0.500000 -0.210640 -0.337000
-0.500000 -0.233320 -0.202290
0.500000 -0.448410 0.390820
-0.082466 -0.500000 0.404790
0.134780 -0.173510 0.500000
-0.049810 0.225750 0.500000
0.500000 -0.215770 -0.350520
-0.500000 0.020953 0.396130
-0.015332 -0.228150 -0.500000
0.163030 -0.262470 0.500000
0.214940 -0.131200 0.500000
0.127000 -0.048852 0.500000
-0.083817 -0.500000 0.408390
0.152390 -0.214350 0.500000
0.220850 -0.206890 0.500000
0.481340 0.493670 -0.500000
-0.164500 0.500000 0.310550
-0.012165 0.239080 0.500000
-0.046819 0.289650 0.500000
-0.089023 0.239590 0.500000
0.336160 0.383300 -0.500000
0.291070 0.358140 -0.500000
-0.500000 -0.290840 -0.026453
0.065026 0.231730 0.500000
-0.170750 0.500000 0.312440
-0.160010 0.500000 0.297780
-0.500000 -0.000995 0.420030
-0.500000 -0.020840 0.396270
-0.109550 0.493600 0.500000
-0.171290 0.500000 0.310040
-0.232340 0.351220 0.500000
0.396890 0.500000 -0.350060
0.091862 0.500000 -0.340000
0.500000 0.447970 -0.324920
0 4
0 11
0 18
0 31
0 32
1 15
1 16
1 17
1 26
1 27
2 8
2 9
2 28
3 20
3 32
4 15
4 18
4 21
4 27
4 32
5 10
5 14
5 15
5 23
5 26
6 7
6 9
6 11
6 12
6 13
6 20
6 22
6 29
6 32
7 8
7 9
7 10
7 12
7 17
7 19
7 20
7 21
7 22
7 26
7 27
7 28
8 9
8 10
8 12
8 17
8 19
8 26
8 28
9 10
9 12
9 22
9 25
9 28
9 29
10 19
10 21
10 22
10 23
10 24
10 25
10 26
10 28
10 30
11 13
11 18
11 31
11 32
12 17
12 20
12 29
13 14
13 18
13 20
13 21
13 22
13 24
13 25
13 29
13 30
13 32
14 15
14 21
14 23
14 24
14 30
15 21
15 23
15 26
15 27
16 17
16 26
16 27
17 20
17 26
18 21
18 32
19 28
20 21
20 22
20 26
20 27
20 30
20 32
21 22
21 23
21 26
21 27
21 30
21 32
22 25
22 26
22 27
22 29
22 30
23 24
23 26
23 30
24 25
24 30
25 28
25 29
25 30
26 27
27 32
31 32
16 33
27 34
0 35
0 36
0 37
0 38
0 39
0 40
0 41
0 42
0 43
0 44
0 45
11 46
31 47
32 48
8 49
17 50
25 51
29 52
19 53
10 54
19 55
28 56
4 57
18 58
1 59
1 60
1 61
1 62
1 63
1 64
1 65
4 66
3 67
2 68
9 69
10 70
25 71
28 72
29 73
27 74
3 75
20 76
27 77
32 78
2 79
2 80
2 81
2 82
2 83
2 84
2 85
3 86
3 87
3 88
3 89
3 90
3 91
3 92
3 93
3 94
3 95
4 96
4 97
4 98
4 99
4 100
4 101
4 102
4 103
4 104
17 105
5 106
5 107
5 108
5 109
5 110
5 111
5 112
5 113
5 114
5 115
5 116
5 117
5 118
5 119
6 120
6 121
6 122
6 123
20 124
27 125
32 126
11 127
12 128
16 129
17 130
20 131
26 132
27 133
7 134
12 135
15 136
16 137
26 138
27 139
24 140
9 141
12 142
29 143
16 144
27 145
8 146
8 147
8 148
8 149
8 150
8 151
8 152
8 153
11 154
13 155
14 156
21 157
9 158
9 159
9 160
12 161
20 162
12 163
17 164
31 165
26 166
10 167
10 168
10 169
10 170
10 171
10 172
10 173
11 174
11 175
11 176
11 177
11 178
11 179
11 180
14 181
15 182
23 183
15 184
26 185
19 186
14 187
23 188
24 189
19 190
12 191
12 192
12 193
12 194
12 195
12 196
12 197
12 198
13 199
13 200
13 201
13 202
13 203
13 204
13 205
14 206
14 207
14 208
14 209
14 210
14 211
14 212
14 213
31 214
15 215
17 216
19 217
23 218
26 219
16 220
17 221
31 222
20 223
22 224
29 225
31 226
32 227
17 228
17 229
19 230
28 231
19 232
32 233
16 234
17 235
15 236
15 237
15 238
15 239
15 240
16 241
16 242
16 243
16 244
16 245
24 246
24 247
28 248
19 249
28 250
18 251
21 252
25 253
29 254
17 255
17 256
17 257
17 258
18 259
18 260
21 261
31 262
32 263
19 264
27 265
19 266
19 267
19 268
20 269
20 270
29 271
21 272
26 273
23 274
23 275
24 276
25 277
27 278
28 279
27 280
24 281
24 282
24 283
24 284
24 285
24 286
31 287
29 288
25 289
25 290
25 291
31 292
32 293
26 294
30 295
29 296
29 297
28 298
28 299
29 300
29 301
29 302
31 303
32 304
31 305
0.500000
