268 368 0
-0.109270 0.426050 0.322240
-0.493820 0.421020 -0.086513
-0.380830 -0.167120 0.135760
0.133520 0.001578 -0.259880
0.306960 0.289680 0.100920
-0.101540 -0.482160 0.072815
0.469350 -0.137090 -0.202690
-0.140950 0.280250 -0.233840
-0.262280 -0.310120 -0.092531
0.404130 -0.011223 0.276010
-0.413290 -0.422800 0.289840
0.248470 -0.250560 0.230970
0.069538 0.279130 0.085769
-0.343690 0.070209 0.314880
-0.152910 0.017952 -0.076813
-0.216830 0.222440 -0.409240
-0.398640 -0.149490 0.257020
0.376590 0.148780 0.099587
-0.270820 0.459140 -0.056772
-0.162990 -0.136050 0.475000
-0.228150 -0.382770 -0.335310
-0.091195 -0.127290 -0.362800
-0.207180 0.128590 -0.036813
-0.332070 0.441980 0.115660
-0.294440 -0.443490 0.013850
-0.442570 -0.164040 0.018683
0.324660 0.302200 -0.410370
0.190020 0.074552 0.156520
-0.284060 0.288800 -0.283820
-0.065317 0.230450 0.338980
-0.342720 -0.169580 0.049181
-0.474380 -0.305580 -0.142650
0.298560 0.296550 -0.500000
0.500000 0.017105 0.350020
-0.298480 -0.448110 0.500000
0.012846 -0.374010 0.500000
-0.164620 -0.170740 0.500000
0.500000 -0.157930 -0.186630
0.500000 -0.195870 -0.207060
0.407520 0.500000 0.290670
0.475210 0.336480 0.500000
-0.294250 0.500000 0.365730
-0.123940 0.500000 0.241670
-0.036832 0.500000 0.307810
0.067660 0.312640 0.500000
-0.238320 0.384860 0.500000
-0.004363 0.492690 0.500000
-0.016870 0.500000 0.164230
-0.133280 0.500000 0.339650
-0.500000 0.421360 -0.083445
-0.425600 0.500000 -0.118510
-0.425770 0.500000 -0.290300
-0.500000 0.417250 -0.087686
-0.500000 0.279990 -0.132210
-0.376900 0.500000 -0.043163
-0.500000 0.410380 -0.078437
-0.500000 0.439050 -0.092608
-0.500000 0.419400 -0.086342
-0.500000 0.426190 -0.082987
-0.476490 0.500000 0.028696
-0.500000 0.387230 -0.062784
-0.500000 0.427300 -0.075368
-0.500000 0.420440 -0.091417
-0.500000 0.415600 -0.093674
0.330000 -0.108490 0.500000
0.284980 -0.176830 0.500000
-0.068106 -0.139000 0.500000
0.500000 -0.211600 -0.034911
0.500000 -0.225670 0.324460
0.500000 -0.356860 0.331970
-0.500000 0.061642 0.249680
-0.500000 0.069973 0.119100
0.195720 -0.300180 -0.500000
0.262600 0.108460 -0.500000
0.048083 -0.105460 -0.500000
-0.027928 0.168670 -0.500000
0.343410 -0.190460 -0.500000
0.069597 -0.500000 0.140960
-0.007561 -0.500000 -0.329830
0.500000 -0.116210 -0.296860
0.243150 -0.328660 -0.500000
0.111770 -0.363950 -0.500000
0.132080 -0.300060 -0.500000
-0.448770 -0.500000 0.333430
0.247740 -0.205700 0.500000
-0.113220 -0.140840 0.500000
0.274950 0.500000 0.167220
0.214640 0.248550 0.500000
0.500000 0.233270 0.239310
0.500000 0.435840 0.139140
0.500000 0.343220 0.024305
0.144960 0.478110 0.500000
0.146150 0.500000 0.021767
0.481000 0.500000 -0.027056
0.371080 0.085139 0.500000
-0.223360 0.500000 -0.322910
-0.255600 0.500000 -0.388610
-0.278400 0.500000 -0.341210
-0.500000 -0.294480 -0.156110
-0.102860 -0.500000 0.032205
-0.108110 -0.500000 0.071463
-0.071476 -0.500000 0.079566
0.021893 -0.500000 0.126130
-0.089640 -0.500000 0.001925
-0.145960 -0.500000 0.090634
-0.288360 -0.500000 -0.340510
-0.318550 -0.500000 -0.037940
-0.500000 -0.421530 0.211020
-0.500000 -0.221290 0.177240
-0.500000 -0.432400 -0.009386
-0.500000 -0.207570 0.008485
-0.500000 -0.315060 -0.134010
0.496830 -0.500000 -0.095541
0.448440 -0.500000 -0.319170
0.500000 -0.154980 -0.178080
0.500000 -0.179020 -0.147150
0.185690 -0.500000 0.047223
0.500000 -0.057067 -0.178600
0.388560 -0.212040 -0.500000
0.500000 -0.137370 -0.191100
0.076071 -0.500000 0.139970
0.064608 -0.500000 -0.315100
0.500000 -0.134610 -0.144800
0.500000 -0.135570 -0.239480
-0.500000 -0.410840 -0.235600
-0.500000 -0.411250 -0.236830
-0.500000 -0.411580 -0.234820
-0.500000 -0.406360 -0.231920
-0.356790 0.500000 0.376960
-0.349820 0.500000 0.300130
-0.233620 0.500000 -0.201200
0.045717 0.500000 -0.302520
-0.099670 0.241600 -0.500000
0.023635 0.500000 -0.069301
-0.167230 0.500000 -0.326740
-0.236540 0.264030 -0.500000
-0.161980 -0.500000 -0.157660
-0.500000 0.003406 -0.211200
-0.345250 -0.150360 -0.500000
0.427890 -0.149580 0.500000
0.500000 0.100070 0.290840
0.500000 -0.036047 0.216070
0.174010 0.069891 0.500000
0.372890 0.079617 0.500000
0.500000 -0.039162 0.293280
0.500000 -0.015820 0.383680
-0.110320 0.500000 0.205570
-0.178380 0.500000 0.121210
-0.184570 0.500000 0.189440
0.500000 0.355300 -0.480730
0.375850 -0.241720 0.500000
-0.470200 -0.500000 0.403670
-0.500000 -0.410170 0.366500
-0.500000 -0.214920 0.466700
-0.492520 -0.500000 0.287560
0.029868 -0.500000 0.157930
-0.392440 -0.500000 0.238840
-0.500000 -0.309460 0.382840
-0.500000 0.132510 0.387400
-0.276360 0.500000 -0.083030
-0.291410 0.500000 -0.222430
-0.153580 -0.133370 0.500000
-0.163910 -0.500000 -0.256980
-0.106150 -0.500000 -0.227110
-0.227110 -0.500000 -0.061094
0.332170 0.255900 -0.500000
0.360250 -0.500000 0.142640
-0.352110 0.500000 -0.427570
-0.359280 0.500000 -0.400900
0.500000 -0.379690 0.255380
0.146720 -0.500000 0.152010
0.073484 -0.500000 0.148600
0.136880 0.028884 0.500000
0.285440 -0.500000 0.371320
0.236300 0.500000 -0.374860
0.142280 0.500000 0.160650
0.187730 0.194390 0.500000
0.079304 0.233740 0.500000
0.080311 0.500000 0.016638
0.500000 0.181890 0.217470
-0.500000 0.018502 -0.212440
-0.500000 0.026451 -0.224400
-0.500000 0.014544 -0.220900
-0.500000 0.022665 -0.210140
-0.500000 -0.011850 -0.177730
-0.500000 0.032141 -0.220290
-0.500000 0.005745 -0.198850
-0.500000 -0.081656 -0.193960
-0.351470 -0.260210 -0.500000
-0.500000 -0.115100 0.491960
-0.306090 0.283790 0.500000
-0.500000 0.101850 0.277640
-0.500000 0.124190 0.149400
-0.310570 0.261470 -0.500000
-0.278710 0.188120 -0.500000
-0.150030 0.225800 -0.500000
-0.168330 0.192030 -0.500000
-0.500000 0.152790 -0.341150
-0.232680 0.189460 -0.500000
-0.200050 0.500000 -0.405950
-0.319370 -0.054227 -0.500000
-0.500000 0.247140 -0.339250
0.031150 -0.112930 -0.500000
0.080266 -0.057095 -0.500000
-0.500000 -0.148420 0.466060
-0.500000 0.058538 0.269240
-0.500000 0.065607 0.149470
-0.500000 -0.150700 0.373550
-0.282720 -0.500000 0.019282
-0.351020 -0.142270 0.500000
-0.176660 -0.108570 0.500000
-0.195740 -0.007401 0.500000
-0.220820 0.325090 0.500000
0.500000 0.250040 0.039601
0.500000 0.081173 0.067583
0.372110 0.083043 0.500000
0.500000 0.063423 0.177540
-0.266230 0.500000 -0.037304
-0.151690 0.500000 -0.040643
-0.253220 0.500000 -0.051427
-0.500000 0.264960 0.028926
-0.178270 -0.131110 0.500000
-0.171040 -0.139560 0.500000
0.064502 -0.500000 0.152370
-0.165320 -0.138760 0.500000
-0.082762 -0.069497 0.500000
0.500000 0.346980 -0.225050
-0.300780 0.500000 0.067869
0.012065 0.395360 0.500000
-0.088147 0.091041 -0.500000
0.115810 0.265000 -0.500000
0.154070 0.500000 -0.125330
-0.083417 -0.014146 -0.500000
0.361610 -0.061897 -0.500000
0.483380 0.500000 -0.189950
-0.115240 -0.500000 -0.339100
-0.138120 -0.413450 -0.500000
-0.233140 -0.500000 -0.386810
-0.333130 -0.174710 -0.500000
-0.371860 -0.476950 -0.500000
-0.500000 -0.145320 0.056883
-0.043072 -0.500000 -0.345840
-0.072545 -0.273290 -0.500000
-0.306980 -0.137360 -0.500000
-0.500000 0.185090 -0.298580
-0.500000 -0.042887 0.037456
0.123480 0.089247 0.500000
0.063316 0.129750 0.500000
-0.500000 0.233090 0.032553
-0.500000 0.134870 0.099176
-0.500000 0.147620 0.252930
-0.366650 0.500000 0.148640
-0.500000 0.269690 0.049285
-0.500000 0.185860 0.114680
-0.453080 0.500000 0.160790
-0.323070 -0.500000 0.078170
-0.500000 0.028209 0.198680
-0.500000 0.026292 0.079544
-0.500000 -0.160200 0.178010
0.500000 0.405080 -0.438470
0.500000 0.375040 -0.494870
0.327790 0.383320 -0.500000
0.500000 -0.033160 -0.326960
0.368910 0.081927 0.500000
-0.359890 -0.151460 -0.500000
-0.500000 0.247590 0.003594
-0.500000 0.082688 0.103170
-0.500000 0.274200 -0.290590
0 4
0 12
0 13
0 23
0 29
1 18
1 22
1 23
1 28
2 5
2 10
2 13
2 14
2 16
2 19
2 22
2 24
2 25
2 30
3 4
3 5
3 6
3 7
3 8
3 11
3 12
3 14
3 15
3 17
3 21
3 26
3 27
4 12
4 17
4 26
4 27
4 29
5 8
5 10
5 11
5 14
5 16
5 19
5 21
5 24
5 30
6 9
6 11
6 17
6 26
6 27
7 12
7 14
7 15
7 18
7 21
7 22
7 26
7 28
8 14
8 20
8 21
8 24
8 25
8 30
8 31
9 11
9 17
9 27
10 16
10 19
10 24
10 25
10 31
11 14
11 17
11 19
11 27
11 30
12 14
12 17
12 18
12 22
12 23
12 26
12 27
12 29
13 14
13 16
13 19
13 22
13 23
13 29
13 30
14 15
14 19
14 21
14 22
14 25
14 27
14 28
14 29
14 30
15 21
15 28
16 19
16 25
17 26
17 27
18 22
18 23
18 28
19 27
19 29
19 30
20 21
20 24
20 31
21 31
22 23
22 25
22 27
22 28
22 29
22 30
23 29
24 25
24 30
24 31
25 30
25 31
27 29
26 32
9 33
10 34
11 35
19 36
6 37
6 38
4 39
4 40
0 41
0 42
0 43
0 44
0 45
0 46
0 47
0 48
1 49
1 50
1 51
1 52
1 53
1 54
1 55
1 56
1 57
1 58
1 59
1 60
1 61
1 62
1 63
9 64
11 65
19 66
6 67
9 68
11 69
2 70
2 71
3 72
3 73
3 74
3 75
3 76
3 77
3 78
3 79
6 80
20 81
21 82
10 83
11 84
19 85
4 86
4 87
4 88
4 89
4 90
4 91
4 92
4 93
4 94
7 95
15 96
28 97
31 98
5 99
5 100
5 101
5 102
5 103
5 104
20 105
24 106
10 107
16 108
24 109
25 110
31 111
6 112
6 113
6 114
6 115
6 116
6 117
6 118
6 119
6 120
6 121
6 122
6 123
8 124
20 125
24 126
31 127
13 128
23 129
7 130
7 131
7 132
7 133
7 134
15 135
8 136
8 137
8 138
9 139
9 140
9 141
9 142
9 143
9 144
9 145
12 146
18 147
23 148
26 149
11 150
10 151
10 152
10 153
10 154
10 155
10 156
10 157
13 158
18 159
28 160
19 161
20 162
21 163
24 164
26 165
11 166
15 167
28 168
11 169
11 170
11 171
11 172
11 173
26 174
12 175
27 176
29 177
12 178
17 179
14 180
15 181
21 182
22 183
25 184
28 185
30 186
31 187
20 188
13 189
13 190
13 191
13 192
15 193
15 194
15 195
15 196
15 197
15 198
15 199
15 200
15 201
21 202
26 203
16 204
16 205
16 206
16 207
24 208
19 209
19 210
19 211
29 212
17 213
17 214
17 215
17 216
18 217
18 218
18 219
18 220
19 221
19 222
19 223
19 224
19 225
26 226
23 227
29 228
21 229
26 230
26 231
21 232
26 233
26 234
20 235
20 236
20 237
20 238
20 239
25 240
21 241
21 242
21 243
28 244
25 245
27 246
29 247
22 248
22 249
23 250
23 251
23 252
23 253
23 254
24 255
25 256
25 257
25 258
26 259
26 260
26 261
26 262
27 263
31 264
28 265
30 266
28 267
0.500000
