263 379 0
-0.458700 0.325160 -0.284470
-0.395820 -0.362640 0.221600
-0.490800 -0.487460 -0.080227
-0.270610 -0.098840 -0.418590
-0.275710 -0.187930 -0.442330
0.236820 -0.262060 -0.422280
0.287840 -0.394000 -0.225460
-0.373000 -0.122080 -0.344590
-0.260950 0.156880 -0.023314
0.308150 0.132530 -0.088325
0.012405 0.311720 -0.090805
-0.414660 -0.162840 -0.009172
-0.447040 0.398010 -0.448450
-0.073419 0.044530 0.311980
0.102310 0.155050 0.236020
0.248710 0.250590 0.431500
-0.257160 -0.319370 0.068392
0.130250 -0.354280 0.251310
-0.201290 -0.191160 0.467780
0.418330 0.204030 -0.041586
0.390320 0.365390 0.381240
0.136010 0.209400 -0.362900
0.286910 0.017959 -0.120780
0.243710 0.415640 -0.064786
-0.066402 -0.278320 -0.083835
0.388200 0.221160 -0.348220
-0.068247 -0.322600 0.077257
-0.116000 -0.150780 -0.411320
-0.398200 0.203420 0.047138
-0.367390 -0.289030 -0.164350
-0.488410 -0.239300 0.327610
0.341710 0.019027 0.472890
-0.207970 0.249530 -0.049543
0.033347 0.186360 0.145630
-0.023531 0.138300 -0.030535
-0.500000 0.264630 -0.381010
-0.488690 0.323620 -0.500000
0.497840 0.340270 -0.500000
-0.500000 0.353470 -0.301210
-0.500000 0.422890 -0.446090
-0.303890 -0.057456 -0.500000
-0.300050 -0.141720 -0.500000
-0.443160 0.351030 -0.500000
0.390300 0.324950 0.500000
0.496220 0.398030 0.500000
-0.365130 0.500000 -0.450320
-0.427420 0.500000 -0.390280
-0.500000 0.214830 -0.336660
-0.143200 0.500000 -0.271450
-0.500000 0.328700 -0.244010
-0.217630 0.500000 0.035450
-0.315470 -0.500000 0.153670
-0.392930 -0.500000 0.360720
-0.157290 -0.500000 0.256870
-0.271020 -0.500000 0.160380
-0.442880 -0.500000 0.192230
-0.500000 -0.459140 0.216340
-0.500000 -0.391590 0.200860
-0.400630 -0.500000 0.282510
-0.477430 -0.500000 -0.077814
-0.208710 -0.500000 0.039992
-0.086992 -0.500000 -0.055732
-0.500000 -0.483460 -0.090405
-0.485690 -0.500000 -0.086820
-0.493520 -0.500000 -0.074592
-0.500000 -0.494830 -0.071417
-0.500000 -0.488210 -0.076866
-0.500000 -0.484370 -0.085020
-0.500000 -0.499950 -0.086638
-0.487510 -0.500000 -0.059962
-0.236770 0.019616 -0.500000
-0.189590 -0.031423 -0.500000
-0.500000 -0.042091 -0.439760
-0.258370 -0.094095 -0.500000
-0.092879 -0.245270 -0.500000
-0.241740 -0.180330 -0.500000
-0.314000 -0.246380 -0.500000
-0.441210 -0.368200 -0.500000
-0.253630 -0.266430 -0.500000
-0.498270 -0.120940 -0.500000
-0.161200 -0.500000 -0.435880
-0.500000 -0.067557 -0.446310
-0.265550 -0.169020 -0.500000
-0.261930 -0.212840 -0.500000
-0.413340 0.500000 0.350630
-0.466440 0.500000 0.278960
-0.489890 0.500000 0.355480
0.239050 0.166530 0.500000
0.326570 0.006463 0.500000
0.172610 -0.288630 -0.500000
0.150880 -0.327440 -0.500000
0.123700 -0.141370 -0.500000
0.092387 -0.306790 -0.500000
0.017631 -0.242570 -0.500000
0.040032 -0.429620 0.500000
-0.190430 -0.221310 0.500000
-0.103570 -0.148320 -0.500000
0.213260 0.218110 0.500000
0.500000 -0.243260 -0.275530
0.491800 -0.080216 -0.500000
0.210930 -0.146130 -0.500000
0.225060 -0.500000 -0.336190
0.193760 -0.157950 -0.500000
0.500000 -0.195010 -0.484300
0.269350 -0.309780 -0.500000
-0.081446 -0.500000 -0.213670
-0.262210 -0.500000 -0.258370
0.500000 -0.285180 -0.223470
0.261790 -0.500000 -0.241020
0.500000 -0.448750 0.007512
0.409110 -0.500000 -0.223520
0.201200 -0.500000 -0.100210
0.300630 -0.369060 -0.500000
-0.455910 0.381980 -0.500000
-0.376630 0.500000 -0.490260
-0.500000 -0.190830 -0.367710
-0.500000 -0.205010 -0.100680
-0.500000 -0.308710 -0.243440
-0.122360 0.500000 0.487570
0.148680 0.500000 0.141390
0.172860 0.500000 0.203240
0.192820 0.500000 0.235430
0.235830 0.500000 0.245710
0.204200 0.500000 0.105060
0.163120 0.500000 0.191940
-0.133580 0.058914 0.500000
-0.204350 -0.165710 0.500000
-0.301530 0.132390 0.500000
-0.398510 -0.125270 0.500000
-0.500000 -0.394200 -0.491350
-0.500000 -0.061975 -0.405590
-0.500000 0.207610 0.238320
-0.500000 -0.222270 0.345270
0.500000 -0.091941 0.389820
-0.289140 -0.416700 0.500000
-0.428930 -0.500000 0.453090
0.250140 -0.500000 0.223570
-0.389000 0.385130 -0.500000
0.025356 0.257050 -0.500000
-0.055757 0.146060 0.500000
0.183750 0.255080 0.500000
0.056721 0.500000 0.294050
0.030098 0.500000 -0.109030
0.002124 0.500000 -0.214340
-0.174990 0.500000 0.054457
-0.500000 -0.432500 -0.454160
-0.500000 -0.105660 0.022203
-0.500000 -0.216860 0.007394
-0.500000 -0.190220 -0.058664
-0.500000 -0.092681 -0.225120
-0.500000 -0.066979 -0.000408
-0.500000 0.030733 -0.048059
0.500000 0.269440 -0.137680
0.500000 0.291420 -0.319840
-0.500000 0.460420 -0.482500
0.255920 0.276370 0.500000
0.361700 0.372660 0.500000
0.337340 0.049378 0.500000
-0.084920 -0.500000 0.208760
0.052529 -0.500000 0.269230
-0.043884 -0.500000 0.323710
-0.021258 -0.500000 0.210940
0.170660 -0.500000 0.299350
0.500000 -0.260550 -0.125750
0.500000 0.000339 -0.125280
0.500000 -0.158050 -0.191200
0.500000 -0.026303 -0.280280
-0.428230 0.500000 -0.461140
-0.485950 0.402210 -0.500000
-0.448540 0.364160 -0.500000
-0.500000 0.240870 -0.448240
-0.195180 0.500000 -0.344960
0.056277 0.500000 0.312380
0.002486 -0.036901 0.500000
-0.188330 0.500000 0.077558
0.059936 0.500000 0.310450
-0.165040 -0.500000 0.057663
-0.049593 -0.500000 -0.026682
-0.052713 -0.500000 0.063095
0.500000 0.014257 -0.387580
0.500000 0.120920 -0.439940
0.065429 0.500000 0.316530
0.446110 0.136510 0.500000
0.179380 0.129630 0.500000
0.226310 0.278720 0.500000
0.500000 0.181630 -0.090315
0.500000 0.057610 -0.178320
0.500000 0.187900 -0.319730
0.133260 0.214540 -0.500000
0.289540 0.222170 -0.500000
0.246350 0.500000 -0.059816
0.270550 0.326140 -0.500000
-0.182680 -0.500000 -0.154310
-0.361790 -0.500000 -0.201070
0.292820 0.500000 -0.115530
0.430470 0.500000 -0.329410
0.086633 -0.500000 -0.183970
0.079554 0.500000 0.316700
0.058124 0.500000 0.307750
0.500000 0.130560 0.258310
0.500000 0.187280 0.477290
0.429590 0.034288 0.500000
0.500000 -0.449050 0.212080
0.139170 -0.500000 0.128660
0.078788 -0.179060 0.500000
0.268130 -0.226860 0.500000
0.164730 -0.500000 0.000279
0.327420 -0.500000 0.266990
-0.500000 -0.258210 0.322710
-0.500000 0.207410 0.073949
-0.500000 -0.228660 0.324810
0.363190 0.500000 0.360840
-0.149170 -0.170630 0.500000
-0.233000 -0.223470 0.500000
-0.500000 -0.213320 0.368060
-0.062385 -0.500000 -0.235810
-0.083564 -0.500000 -0.421640
-0.235010 -0.500000 -0.277750
0.500000 -0.266120 0.054402
0.500000 -0.227750 0.338400
0.050811 -0.500000 0.038435
0.500000 0.237860 -0.095223
0.500000 0.256160 -0.296960
0.500000 0.306100 -0.119930
0.500000 0.192410 -0.041189
0.500000 0.342010 0.088229
0.127570 0.500000 -0.093157
-0.014791 0.500000 -0.101650
0.290220 -0.000593 0.500000
0.100220 0.359120 -0.500000
0.225800 0.373170 -0.500000
0.313020 0.372530 0.500000
0.500000 0.300230 0.248590
0.500000 0.425160 0.274470
0.351720 0.446520 0.500000
-0.500000 0.302530 0.067780
-0.500000 -0.250230 0.331240
-0.500000 -0.245960 0.322440
0.107730 0.196600 -0.500000
0.027140 0.500000 -0.286250
0.500000 0.084244 -0.082687
0.500000 0.424290 -0.172360
0.116100 0.500000 -0.169030
0.500000 0.453910 0.144410
-0.500000 -0.237510 0.343830
0.140610 -0.500000 -0.062636
-0.500000 -0.497010 -0.102910
0.500000 0.331580 -0.275960
0.083324 0.500000 -0.283710
0.133560 -0.500000 -0.037035
-0.070438 -0.065225 -0.500000
-0.500000 0.083439 -0.218320
-0.500000 -0.127520 -0.334760
-0.140350 -0.133150 -0.500000
-0.500000 0.232260 0.044702
-0.500000 0.261930 -0.020096
-0.204590 0.500000 0.067105
0.500000 0.074637 0.268340
-0.051105 0.500000 -0.214230
-0.193870 0.500000 0.060428
-0.180610 0.500000 0.072502
-0.500000 -0.298260 0.422740
0.341750 -0.011032 0.500000
0 3
0 7
0 8
0 10
0 12
0 21
0 28
0 32
1 2
1 11
1 16
1 18
1 26
1 30
2 11
2 16
2 24
2 29
2 30
3 4
3 7
3 8
3 12
3 21
3 24
3 27
3 32
3 34
4 7
4 24
4 27
4 29
5 6
5 21
5 22
5 24
5 25
5 27
6 17
6 22
6 24
7 8
7 11
7 24
7 27
7 28
7 29
8 11
8 13
8 16
8 24
8 26
8 27
8 28
8 32
8 33
8 34
9 10
9 14
9 19
9 21
9 22
9 23
9 25
9 31
9 33
9 34
10 21
10 23
10 32
10 33
10 34
11 13
11 16
11 24
11 28
11 29
11 30
12 21
13 14
13 15
13 16
13 17
13 18
13 26
13 28
13 30
13 31
13 33
13 34
14 15
14 17
14 19
14 20
14 22
14 23
14 26
14 31
14 33
14 34
15 19
15 20
15 31
16 18
16 24
16 26
16 29
16 30
17 18
17 22
17 24
17 26
17 31
18 26
18 30
19 20
19 22
19 23
19 25
19 31
20 23
20 31
21 22
21 23
21 25
21 27
21 32
21 34
22 24
22 25
22 26
22 27
22 31
22 33
22 34
23 25
23 33
24 26
24 27
24 29
24 34
26 33
26 34
27 29
27 34
28 30
28 32
28 33
32 33
32 34
33 34
0 35
12 36
25 37
0 38
12 39
3 40
4 41
12 42
15 43
20 44
0 45
0 46
0 47
0 48
0 49
0 50
1 51
1 52
1 53
1 54
1 55
1 56
1 57
1 58
2 59
16 60
24 61
2 62
2 63
2 64
2 65
2 66
2 67
2 68
2 69
3 70
3 71
3 72
3 73
4 74
4 75
4 76
4 77
4 78
4 79
4 80
4 81
4 82
4 83
13 84
28 85
30 86
15 87
31 88
5 89
6 90
21 91
24 92
27 93
17 94
18 95
27 96
15 97
5 98
5 99
5 100
5 101
5 102
5 103
5 104
24 105
29 106
6 107
6 108
6 109
6 110
6 111
6 112
12 113
12 114
7 115
11 116
29 117
13 118
10 119
14 120
15 121
20 122
23 123
33 124
13 125
18 126
28 127
30 128
7 129
7 130
28 131
30 132
31 133
18 134
30 135
17 136
12 137
21 138
13 139
15 140
10 141
10 142
10 143
10 144
29 145
11 146
11 147
11 148
11 149
11 150
11 151
19 152
25 153
12 154
15 155
20 156
31 157
16 158
17 159
18 160
26 161
17 162
17 163
19 164
22 165
25 166
12 167
12 168
12 169
12 170
12 171
13 172
13 173
13 174
14 175
16 176
24 177
26 178
22 179
25 180
15 181
15 182
15 183
15 184
19 185
22 186
25 187
21 188
25 189
23 190
25 191
24 192
29 193
23 194
25 195
24 196
20 197
33 198
19 199
20 200
31 201
17 202
17 203
17 204
17 205
17 206
17 207
30 208
28 209
30 210
20 211
18 212
18 213
30 214
24 215
27 216
29 217
22 218
31 219
26 220
19 221
25 222
19 223
19 224
19 225
23 226
32 227
31 228
21 229
25 230
20 231
20 232
20 233
20 234
28 235
30 236
30 237
21 238
21 239
22 240
23 241
23 242
23 243
30 244
24 245
29 246
25 247
25 248
26 249
27 250
28 251
29 252
27 253
28 254
28 255
28 256
31 257
32 258
32 259
33 260
30 261
31 262
0.500000
