290 390 0
0.230350 -0.241260 -0.455180
0.028191 0.468000 -0.095714
-0.025160 -0.040282 0.175480
-0.407570 0.128780 0.013359
0.150160 0.067439 -0.219640
0.279040 0.183620 -0.001454
-0.434970 0.307580 0.422310
-0.330600 0.140590 0.256930
-0.367630 0.142870 0.370110
0.415690 -0.273820 0.021180
0.382800 -0.077219 0.491240
-0.322950 0.420570 -0.431390
0.195130 0.334030 -0.017384
0.019669 -0.155570 -0.257320
0.399040 -0.291800 0.482050
0.321950 0.057291 0.286430
-0.269260 -0.088237 -0.138400
-0.119730 0.218310 -0.084140
-0.056550 0.466270 0.258680
0.100060 -0.354560 -0.201340
0.491750 -0.127650 -0.252910
-0.353390 0.004711 -0.130040
-0.416460 -0.147250 -0.252260
0.204180 -0.046332 -0.482060
0.078933 -0.049902 0.009542
-0.210270 -0.209190 0.171810
0.240500 0.424540 -0.348520
0.322550 0.050647 -0.289400
0.243740 0.124040 0.444730
0.432940 -0.468910 0.049546
-0.379790 -0.467830 -0.021370
-0.487470 -0.214860 -0.201970
-0.205280 -0.007652 0.080663
0.295870 -0.122200 -0.210880
-0.334280 0.452930 -0.370770
-0.352370 -0.500000 0.010108
-0.500000 -0.114200 -0.329000
-0.500000 -0.205560 -0.218710
0.090763 -0.227460 -0.500000
-0.085509 -0.144890 -0.500000
-0.242070 0.127520 -0.500000
-0.109440 -0.191970 -0.500000
-0.171610 -0.183230 -0.500000
-0.145810 -0.137310 -0.500000
-0.099005 -0.234710 -0.500000
-0.185790 -0.167510 -0.500000
-0.214020 -0.190170 -0.500000
0.137500 -0.075886 -0.500000
-0.455760 0.500000 0.139690
-0.456280 0.500000 0.183070
-0.450200 0.500000 0.156650
-0.429220 0.500000 0.128350
-0.278820 0.500000 0.198160
0.249890 -0.227460 -0.500000
0.194070 -0.273500 -0.500000
0.226860 -0.500000 -0.397890
0.206000 -0.208290 -0.500000
0.245430 -0.257840 -0.500000
0.282130 -0.243110 -0.500000
0.205080 -0.395870 -0.500000
0.500000 -0.481480 -0.317100
0.266530 -0.115450 -0.500000
0.500000 -0.228350 -0.408820
0.117580 0.500000 -0.101660
0.191710 0.500000 -0.082376
0.006824 0.500000 -0.082550
-0.047555 0.500000 -0.150180
0.138960 0.500000 0.171310
0.047954 0.500000 -0.098826
-0.124600 -0.500000 0.106480
-0.068147 0.092870 0.500000
0.118410 -0.182030 0.500000
0.086235 -0.289330 0.500000
0.413700 -0.500000 0.030407
0.213980 -0.050564 -0.500000
-0.453110 -0.089099 -0.500000
0.044691 -0.296310 -0.500000
0.075198 -0.378260 -0.500000
-0.078348 0.500000 0.242790
0.422880 -0.340640 0.500000
-0.500000 0.300480 -0.218780
-0.500000 0.023210 0.169440
-0.486820 0.500000 0.033041
-0.500000 0.132570 -0.149520
-0.500000 0.295040 0.137120
-0.500000 0.128800 0.033418
-0.500000 0.181690 0.047910
0.093316 0.168400 -0.500000
0.223490 0.123610 -0.500000
-0.500000 0.394370 -0.356230
-0.500000 0.401870 -0.343930
-0.500000 0.102470 0.306270
-0.500000 0.008855 0.239920
-0.500000 0.015983 0.266730
-0.500000 -0.016172 0.158450
-0.500000 -0.044217 0.228290
-0.500000 -0.168260 -0.096268
-0.500000 -0.020117 0.217650
0.299230 0.500000 -0.083716
0.293230 0.500000 -0.238960
-0.500000 0.470470 -0.417500
-0.500000 0.477530 -0.403040
-0.398750 -0.500000 -0.044653
-0.472360 0.213710 -0.500000
-0.499080 0.150040 -0.500000
-0.500000 0.151360 -0.492380
-0.500000 0.128170 -0.488750
-0.472250 0.500000 0.028186
-0.454080 0.500000 -0.059178
0.330990 0.500000 -0.373990
0.409960 -0.500000 0.064284
-0.500000 0.086010 0.409670
0.170340 -0.500000 -0.297480
0.388380 -0.500000 -0.041079
-0.266560 0.365020 -0.500000
0.377980 0.500000 -0.059115
0.500000 0.306190 0.213590
0.214870 0.500000 0.322940
0.500000 0.076726 -0.095490
0.500000 0.189140 -0.143500
0.500000 0.288230 -0.144290
-0.500000 0.360510 0.325300
-0.495600 0.313380 0.500000
-0.500000 0.348060 0.453970
-0.500000 0.313630 0.370420
-0.426210 0.258120 0.500000
-0.355920 0.325440 0.500000
-0.461460 0.500000 0.434750
-0.404100 -0.500000 0.013557
-0.102610 -0.500000 -0.038264
-0.013730 -0.500000 -0.081660
-0.287370 -0.500000 -0.020975
0.500000 -0.295190 0.112800
0.500000 -0.158200 0.480820
-0.079723 0.500000 0.386560
-0.500000 0.337380 0.234810
-0.184410 0.151050 0.500000
0.353160 0.500000 -0.056938
0.339290 0.500000 -0.162110
-0.414350 -0.500000 -0.022294
-0.039980 0.500000 0.266730
-0.500000 0.203680 -0.292530
-0.500000 0.145610 -0.227330
-0.500000 0.098825 -0.215680
-0.500000 0.021460 -0.250000
-0.500000 -0.151050 -0.210450
-0.500000 0.215380 -0.279440
0.040108 0.483940 0.500000
0.060137 0.452370 0.500000
0.380980 -0.058605 0.500000
0.261190 0.183060 0.500000
-0.500000 0.323760 0.274270
-0.242160 0.149630 0.500000
-0.479320 0.214960 0.500000
-0.397250 -0.366940 0.500000
-0.371690 0.110730 0.500000
-0.291840 0.244200 0.500000
-0.355070 0.415180 -0.500000
0.475540 -0.500000 0.250500
-0.080917 -0.500000 0.095875
0.500000 -0.330950 0.034994
0.500000 -0.248030 -0.012235
0.164970 -0.500000 -0.041643
0.500000 -0.166170 -0.045347
0.500000 -0.154060 0.103810
0.500000 -0.349020 0.350310
0.500000 -0.457640 -0.248510
0.500000 -0.290800 -0.015369
-0.277500 0.452730 -0.500000
-0.407580 0.500000 -0.374100
0.381210 -0.077187 0.500000
0.395200 -0.082819 0.500000
0.376800 -0.079237 0.500000
0.393140 -0.086181 0.500000
0.500000 0.008564 0.439520
0.367080 -0.088423 0.500000
0.390000 -0.072344 0.500000
0.500000 -0.307180 0.499990
0.376160 -0.085920 0.500000
0.418830 -0.062620 0.500000
-0.250220 0.389510 -0.500000
0.193910 -0.026986 -0.500000
0.168120 0.367960 -0.500000
-0.462000 -0.405480 -0.500000
-0.469230 -0.416280 -0.500000
-0.222480 -0.371190 -0.500000
-0.258270 -0.374550 -0.500000
-0.219920 -0.397140 -0.500000
-0.276820 -0.370720 -0.500000
-0.265520 -0.406560 -0.500000
0.500000 0.332280 0.222300
0.500000 0.275070 0.264610
0.500000 0.300040 0.287480
0.471770 -0.500000 0.328510
0.455300 -0.500000 0.150720
-0.159380 0.497890 -0.500000
0.197260 0.500000 -0.447060
0.421400 -0.280400 0.500000
-0.500000 -0.227600 -0.211180
0.409520 -0.500000 0.050461
-0.250040 0.500000 -0.332130
-0.313070 0.388300 -0.500000
-0.337020 0.500000 -0.438320
-0.358970 0.372220 -0.500000
-0.330970 0.500000 -0.482970
-0.078730 -0.500000 0.139470
-0.136490 -0.500000 0.090875
-0.099145 -0.500000 0.063047
-0.119640 -0.500000 0.098787
-0.135080 -0.500000 0.108010
0.104060 -0.500000 0.080905
-0.231260 -0.500000 0.052494
-0.115610 -0.500000 -0.456740
-0.071437 -0.500000 -0.409040
0.208950 0.500000 0.304060
0.195250 -0.045475 -0.500000
0.237710 0.075800 0.500000
0.417270 -0.285740 0.500000
0.366860 -0.283280 0.500000
0.500000 -0.358180 0.497080
0.384690 -0.291560 0.500000
0.364700 -0.303510 0.500000
-0.076219 0.280080 0.500000
-0.128570 0.038371 0.500000
0.157650 0.132780 0.500000
0.500000 -0.468120 0.054096
0.215650 0.500000 0.341590
0.500000 0.030639 0.038163
0.500000 0.110650 0.307430
0.220410 -0.132040 0.500000
-0.075798 0.500000 -0.052539
-0.180220 0.500000 -0.224400
-0.348820 0.500000 -0.352540
-0.057457 0.500000 0.183190
0.001647 0.500000 -0.297100
-0.273300 0.500000 -0.320680
0.109010 0.500000 0.311650
-0.149060 0.399960 0.500000
-0.227000 0.500000 0.332890
0.273540 0.478700 -0.500000
0.500000 -0.149310 -0.334540
0.242670 0.116730 0.500000
0.212400 0.500000 0.349430
0.084368 -0.500000 -0.112960
-0.017387 -0.500000 -0.249800
0.500000 -0.491610 -0.302940
0.500000 -0.128430 -0.249630
0.500000 -0.119880 -0.247340
0.500000 -0.115450 -0.253870
0.500000 -0.241930 -0.269800
0.360160 0.034768 -0.500000
0.500000 -0.134200 -0.249190
0.500000 -0.131490 -0.258080
-0.500000 -0.213450 -0.215870
-0.500000 -0.309390 0.064375
-0.500000 -0.426840 -0.012152
-0.500000 -0.225350 -0.188110
-0.500000 -0.381510 -0.265680
0.076170 -0.500000 -0.052851
0.333450 -0.500000 0.017919
0.442900 -0.500000 0.105870
0.500000 0.027772 -0.213340
0.500000 -0.043322 -0.177060
-0.500000 -0.471710 -0.217750
-0.500000 -0.286570 -0.221140
0.210830 -0.020443 -0.500000
0.248040 0.267220 -0.500000
0.278210 0.112690 -0.500000
-0.386570 -0.474650 0.500000
-0.403230 -0.500000 0.492820
0.500000 0.297180 -0.309580
0.500000 0.116570 -0.284240
0.228440 -0.020381 -0.500000
0.463780 -0.500000 0.026800
0.274930 0.500000 -0.427120
0.500000 0.153910 0.387780
0.071989 -0.225160 0.500000
0.036004 -0.336250 0.500000
0.218450 0.006263 0.500000
0.235390 0.500000 -0.300280
0.296920 0.189240 -0.500000
0.500000 0.398870 -0.303080
0.322850 0.073213 -0.500000
0.500000 0.208170 -0.279750
-0.342020 0.500000 -0.381570
0.473920 -0.500000 0.077640
0.500000 -0.491670 -0.230450
0.500000 -0.443660 0.013227
-0.345480 -0.500000 -0.065885
0.500000 -0.466750 -0.299600
0 13
0 19
0 20
0 23
0 33
1 4
1 12
1 17
1 18
1 26
2 5
2 7
2 8
2 9
2 10
2 12
2 14
2 15
2 17
2 18
2 24
2 25
2 28
2 32
3 7
3 17
3 21
3 31
3 32
3 34
4 5
4 11
4 12
4 13
4 17
4 23
4 24
4 26
4 27
4 33
5 9
5 12
5 15
5 17
5 24
5 26
5 27
5 33
6 7
6 8
6 18
7 8
7 17
7 18
7 25
7 32
8 18
8 25
9 10
9 14
9 15
9 19
9 20
9 24
9 29
9 33
10 14
10 15
10 28
11 16
11 17
11 21
11 23
11 26
11 34
12 15
12 17
12 18
12 24
12 26
12 28
13 16
13 17
13 19
13 22
13 23
13 24
13 25
13 33
14 15
14 29
15 24
15 28
16 17
16 19
16 21
16 22
16 24
16 25
16 30
16 31
16 32
17 18
17 21
17 24
17 26
17 32
17 34
18 28
19 24
19 25
19 29
19 30
19 33
20 23
20 27
20 33
21 22
21 25
21 31
21 32
21 34
22 30
22 31
23 27
23 33
24 25
24 32
24 33
25 30
25 31
25 32
26 27
27 33
30 31
30 35
22 36
31 37
0 38
4 39
11 40
13 41
16 42
17 43
19 44
21 45
22 46
23 47
3 48
6 49
7 50
17 51
18 52
0 53
0 54
0 55
0 56
0 57
0 58
0 59
0 60
0 61
0 62
1 63
1 64
1 65
1 66
1 67
1 68
2 69
2 70
2 71
2 72
29 73
23 74
22 75
13 76
19 77
18 78
14 79
3 80
3 81
3 82
3 83
3 84
3 85
3 86
4 87
4 88
11 89
34 90
6 91
7 92
8 93
21 94
25 95
31 96
32 97
12 98
26 99
11 100
34 101
30 102
11 103
16 104
21 105
22 106
17 107
34 108
26 109
29 110
8 111
19 112
29 113
11 114
5 115
5 116
5 117
5 118
5 119
5 120
6 121
6 122
6 123
6 124
6 125
6 126
6 127
30 128
16 129
19 130
30 131
9 132
10 133
18 134
7 135
7 136
12 137
26 138
30 139
18 140
11 141
17 142
21 143
22 144
31 145
34 146
18 147
28 148
10 149
28 150
8 151
8 152
8 153
8 154
8 155
8 156
11 157
9 158
9 159
9 160
9 161
9 162
9 163
9 164
9 165
9 166
9 167
11 168
34 169
10 170
10 171
10 172
10 173
10 174
10 175
10 176
10 177
10 178
10 179
11 180
23 181
26 182
22 183
31 184
13 185
16 186
19 187
22 188
30 189
12 190
15 191
28 192
14 193
29 194
11 195
26 196
14 197
31 198
29 199
11 200
11 201
11 202
11 203
11 204
14 205
16 206
19 207
24 208
25 209
29 210
30 211
13 212
19 213
12 214
23 215
28 216
14 217
14 218
14 219
14 220
14 221
18 222
25 223
28 224
29 225
15 226
15 227
15 228
15 229
17 230
17 231
34 232
18 233
26 234
34 235
18 236
18 237
18 238
26 239
20 240
28 241
28 242
19 243
19 244
19 245
20 246
20 247
20 248
20 249
20 250
20 251
20 252
31 253
25 254
30 255
31 256
22 257
24 258
29 259
29 260
27 261
33 262
30 263
31 264
23 265
26 266
27 267
25 268
30 269
26 270
27 271
23 272
29 273
26 274
28 275
25 276
25 277
28 278
26 279
26 280
26 281
27 282
27 283
34 284
29 285
29 286
29 287
30 288
33 289
0.500000
