278 390 0
0.021046 0.202220 -0.025136
0.315630 0.131190 0.401590
-0.211250 0.479710 -0.270110
0.380950 0.047211 -0.336920
-0.087811 -0.171460 -0.045244
-0.161100 0.435220 -0.311170
0.382800 0.440960 0.201500
-0.118380 -0.213880 0.486330
-0.379310 -0.471760 0.057346
0.361980 -0.182840 -0.158560
0.049558 0.224310 0.267950
0.133810 -0.297810 -0.170620
-0.460440 0.149160 -0.042673
-0.074070 -0.403240 0.305670
0.176100 -0.056306 -0.202720
-0.241720 -0.362530 -0.013941
-0.252330 0.298010 -0.212980
0.465590 -0.037446 -0.180900
-0.391480 0.212570 0.191590
-0.170670 0.290410 -0.024935
0.219070 -0.319220 0.089252
-0.187940 -0.006391 -0.159100
0.187660 -0.055298 -0.354290
-0.398160 0.489300 -0.432410
0.304160 0.118070 -0.164550
-0.404050 -0.362650 -0.076468
-0.441130 -0.393010 -0.449430
-0.450330 -0.233340 0.248030
0.380080 0.004268 -0.430130
-0.143650 -0.054431 0.423850
0.362890 -0.429540 0.072114
-0.216040 -0.313870 -0.440410
0.181610 -0.397940 0.043267
0.072676 0.120540 -0.489580
-0.033102 -0.130750 0.416590
0.443880 -0.158340 0.148710
0.141980 0.001375 0.295570
0.398990 0.500000 0.056078
0.500000 0.256770 0.227770
0.500000 0.300460 0.205130
0.500000 0.270230 0.208900
0.500000 0.147600 0.049933
0.500000 0.256200 0.166550
0.500000 0.146380 0.189110
0.500000 0.256060 0.211320
0.500000 0.019153 -0.347880
0.500000 -0.103740 -0.255350
0.500000 -0.033606 -0.214320
0.500000 -0.004961 -0.400030
-0.500000 -0.366550 -0.127090
-0.500000 -0.389780 -0.411680
0.349980 -0.042244 -0.500000
0.417330 -0.009315 -0.500000
0.106200 0.107970 -0.500000
-0.402470 0.500000 -0.439260
-0.030361 -0.500000 0.264630
-0.018326 0.500000 -0.258920
0.077986 0.500000 -0.086530
-0.034093 0.500000 0.184360
-0.101920 -0.500000 0.324140
-0.500000 0.273530 0.236360
-0.016720 -0.500000 0.343570
0.151680 -0.500000 0.174190
0.179300 -0.500000 -0.215000
0.138090 -0.500000 -0.212860
0.250070 -0.500000 -0.079129
0.156520 -0.500000 -0.118130
-0.159340 0.500000 -0.278470
-0.086012 0.500000 -0.305030
-0.054346 0.500000 -0.245030
0.014496 0.500000 -0.283720
-0.013371 0.500000 -0.323070
0.304580 0.119000 0.500000
0.423530 0.025790 0.500000
0.356760 0.205730 0.500000
0.500000 0.189980 0.434650
0.260550 0.047171 0.500000
0.244470 0.324750 0.500000
0.500000 -0.010275 0.328870
0.102070 -0.209860 0.500000
-0.155990 0.500000 -0.240480
-0.186710 0.450050 -0.500000
-0.252450 0.500000 -0.262270
-0.500000 0.437590 -0.048894
-0.219190 0.500000 -0.256460
-0.234540 0.500000 -0.278310
0.361470 0.120900 -0.500000
0.484970 0.316540 -0.500000
0.500000 0.125460 -0.176950
0.500000 0.104930 -0.429920
-0.155490 -0.500000 -0.246700
-0.176560 0.441360 -0.500000
-0.411480 -0.035829 -0.500000
-0.404230 -0.112880 -0.500000
-0.448500 -0.302790 -0.500000
-0.313520 -0.245340 -0.500000
0.347830 0.500000 0.186960
0.446480 0.500000 0.166170
0.500000 0.444880 0.121890
0.270850 0.500000 0.081778
0.367430 0.500000 0.203550
0.113170 0.500000 0.205640
0.500000 0.460130 -0.377870
0.452790 0.500000 0.336020
0.382340 0.283970 0.500000
0.440870 0.500000 0.232150
0.500000 0.360330 0.143730
0.228310 0.471340 0.500000
0.332720 0.500000 0.202170
-0.440950 0.500000 0.218890
-0.127000 -0.210580 0.500000
-0.119690 -0.236680 0.500000
-0.108780 -0.213390 0.500000
-0.125030 -0.232740 0.500000
-0.135330 -0.213860 0.500000
0.015469 -0.227650 0.500000
-0.389740 -0.500000 0.061304
-0.359420 -0.500000 0.025448
-0.500000 -0.460110 0.029376
0.273880 -0.404130 -0.500000
0.500000 -0.336310 -0.281000
0.500000 -0.212010 -0.056666
-0.500000 -0.484300 -0.257990
-0.500000 -0.478630 -0.361160
-0.152380 0.393470 0.500000
-0.039888 0.500000 0.230220
-0.030550 0.500000 0.214510
0.152690 0.414810 0.500000
0.369090 0.057779 -0.500000
0.085726 0.125040 -0.500000
-0.500000 0.106950 0.332530
-0.500000 -0.164600 0.318560
-0.500000 -0.017216 0.467900
-0.500000 -0.295850 0.028142
-0.500000 -0.218780 0.245670
0.244880 -0.417940 -0.500000
0.500000 -0.409750 -0.323720
0.054094 -0.489100 -0.500000
0.070382 -0.420420 -0.500000
-0.132290 -0.500000 -0.251190
-0.500000 0.171710 -0.054108
-0.500000 0.432950 -0.048317
-0.500000 0.125350 -0.094026
-0.500000 0.119650 0.012169
-0.228200 -0.342350 -0.500000
-0.500000 0.249890 0.225420
-0.080102 -0.034999 0.500000
0.016643 -0.096782 0.500000
-0.243620 0.401370 0.500000
-0.179440 0.208940 0.500000
-0.390610 -0.418420 -0.500000
-0.235470 -0.368980 -0.500000
0.362250 -0.500000 0.083603
0.246000 -0.500000 0.068433
-0.391600 -0.384270 0.500000
-0.257090 -0.500000 0.183530
0.008709 -0.500000 0.203320
0.205290 -0.500000 0.302170
-0.100140 -0.500000 0.473040
-0.176960 -0.500000 0.113670
-0.149810 -0.500000 0.494750
-0.229740 -0.313160 0.500000
0.080598 -0.240990 0.500000
0.442500 -0.500000 0.045039
0.014170 0.500000 -0.080905
0.136270 0.500000 -0.117070
-0.192240 0.420190 -0.500000
-0.277260 0.463590 -0.500000
0.031535 0.172860 -0.500000
-0.180730 -0.065556 0.500000
0.242850 -0.340380 -0.500000
0.310110 -0.254950 -0.500000
-0.500000 -0.267050 0.350070
-0.402080 0.500000 -0.451180
-0.428930 -0.500000 0.116500
0.319500 -0.500000 0.049045
0.184150 -0.500000 0.022619
-0.093926 0.500000 0.220750
-0.071573 0.500000 0.184980
-0.267430 -0.500000 -0.058037
-0.170600 -0.500000 -0.227120
-0.058329 0.500000 0.175810
0.500000 -0.147180 -0.230510
0.500000 -0.246850 -0.391300
0.500000 -0.434380 -0.188610
0.283150 -0.500000 0.270270
0.314960 -0.500000 0.231510
0.268020 -0.500000 0.241380
0.306410 -0.500000 0.288480
-0.500000 0.172500 -0.054786
-0.500000 0.172400 -0.052673
0.500000 -0.415210 0.177160
0.500000 -0.205190 0.188790
0.492060 0.392550 -0.500000
0.450810 0.205050 -0.500000
0.120920 0.156090 -0.500000
-0.385900 0.500000 -0.220840
-0.500000 0.437140 -0.048828
-0.500000 0.130260 -0.185680
-0.199610 0.276090 -0.500000
-0.247230 -0.100220 -0.500000
-0.260080 0.500000 -0.191070
-0.500000 0.306850 -0.441010
0.500000 -0.059868 -0.146540
0.500000 0.008270 -0.141620
0.500000 -0.056069 -0.118440
0.500000 -0.010948 -0.149450
-0.403320 0.500000 -0.411870
-0.426960 0.497920 -0.500000
-0.500000 0.436190 -0.047013
-0.500000 0.226090 0.395990
-0.397810 0.337630 0.500000
-0.324120 0.500000 0.284150
-0.500000 0.125480 0.172850
-0.500000 0.247150 0.391310
-0.412800 0.500000 -0.445500
-0.500000 0.437210 -0.048363
-0.500000 0.437820 -0.050785
0.500000 -0.388510 0.108010
0.500000 -0.176040 0.155670
0.500000 -0.154060 0.332970
0.148390 0.115690 0.500000
-0.079033 -0.423310 -0.500000
-0.337070 -0.500000 -0.084849
-0.051228 -0.500000 -0.023558
0.500000 0.182650 -0.047079
-0.231100 0.500000 -0.123810
-0.094035 -0.085053 0.500000
-0.004320 -0.146720 0.500000
0.068114 0.127620 -0.500000
-0.500000 0.070208 -0.175160
-0.500000 0.243360 -0.277510
-0.500000 -0.095217 -0.137270
-0.500000 -0.165420 -0.320760
0.088658 -0.236410 0.500000
-0.237270 -0.157990 -0.500000
0.095388 -0.067454 -0.500000
0.108850 -0.286390 -0.500000
-0.117720 -0.146770 -0.500000
-0.424200 -0.222650 0.500000
-0.211210 -0.096052 0.500000
-0.500000 0.488850 -0.476060
-0.386880 0.500000 -0.410970
-0.401590 0.500000 -0.428770
-0.500000 0.408510 -0.487530
0.500000 0.131490 -0.066035
-0.390190 0.107420 0.500000
0.067212 0.112420 -0.500000
-0.500000 -0.370800 -0.440540
-0.500000 -0.272630 0.263740
-0.123100 -0.365620 -0.500000
-0.230660 0.098625 0.500000
0.062982 0.126360 -0.500000
-0.401840 -0.500000 -0.424140
-0.418640 -0.367710 -0.500000
0.019362 0.208220 0.500000
-0.192050 -0.500000 -0.235350
-0.500000 -0.167200 0.035155
-0.500000 -0.433610 -0.002418
-0.443940 -0.424330 -0.500000
-0.205760 -0.500000 -0.290550
-0.352970 -0.299070 -0.500000
-0.500000 -0.378840 -0.438700
-0.165470 -0.500000 -0.277770
-0.101780 -0.500000 -0.208060
-0.500000 -0.208620 0.305840
-0.500000 -0.143550 0.217800
-0.500000 -0.369930 0.110050
0.500000 0.075597 -0.494690
-0.500000 -0.126520 0.437780
0.500000 -0.322980 0.143550
-0.230880 -0.250450 -0.500000
0.026329 0.076089 -0.500000
0.076819 -0.226630 0.500000
0.500000 -0.159920 0.170480
0.500000 -0.092574 0.124330
0.093579 -0.233400 0.500000
0.088262 -0.226870 0.500000
0 4
0 5
0 6
0 10
0 14
0 16
0 18
0 19
0 21
0 24
0 29
0 33
0 36
1 6
1 10
1 29
1 34
1 35
1 36
2 5
2 16
2 19
2 23
3 9
3 14
3 17
3 22
3 24
3 28
3 33
4 10
4 11
4 13
4 14
4 15
4 18
4 19
4 20
4 21
4 27
4 29
4 31
4 32
4 34
4 36
5 16
5 19
5 23
5 33
6 10
6 24
7 13
7 27
7 29
7 34
8 13
8 15
8 25
8 27
9 11
9 14
9 17
9 20
9 22
9 24
9 28
9 30
9 32
9 35
10 18
10 19
10 24
10 29
10 36
11 14
11 15
11 20
11 21
11 22
11 30
11 31
11 32
12 16
12 18
12 19
12 21
12 25
12 27
13 15
13 20
13 27
13 29
13 32
13 34
14 17
14 20
14 21
14 22
14 24
14 33
14 35
14 36
15 21
15 25
15 27
15 31
15 32
16 19
16 21
16 23
16 33
17 24
17 28
17 35
18 19
18 21
18 27
18 29
19 21
20 30
20 32
20 34
20 35
20 36
21 22
21 25
21 26
21 27
21 31
21 33
22 24
22 28
22 31
22 33
24 33
24 35
24 36
25 26
25 27
25 31
26 31
27 29
28 33
29 34
29 36
30 32
30 35
34 36
35 36
6 37
1 38
6 39
10 40
17 41
24 42
35 43
36 44
3 45
9 46
17 47
28 48
25 49
26 50
22 51
28 52
33 53
23 54
13 55
0 56
0 57
0 58
13 59
18 60
13 61
32 62
9 63
11 64
30 65
32 66
2 67
5 68
19 69
24 70
33 71
1 72
1 73
1 74
1 75
1 76
1 77
1 78
1 79
2 80
2 81
2 82
2 83
2 84
2 85
3 86
3 87
3 88
3 89
4 90
5 91
16 92
21 93
26 94
31 95
6 96
6 97
6 98
6 99
6 100
6 101
6 102
6 103
6 104
6 105
6 106
6 107
6 108
18 109
7 110
7 111
7 112
7 113
7 114
7 115
8 116
8 117
8 118
9 119
9 120
9 121
25 122
26 123
10 124
10 125
10 126
10 127
28 128
33 129
18 130
27 131
29 132
25 133
27 134
11 135
11 136
11 137
11 138
11 139
12 140
12 141
12 142
12 143
31 144
18 145
29 146
34 147
18 148
29 149
26 150
31 151
30 152
32 153
13 154
13 155
13 156
13 157
13 158
13 159
13 160
13 161
13 162
30 163
19 164
24 165
16 166
23 167
33 168
29 169
22 170
28 171
27 172
23 173
27 174
30 175
32 176
18 177
19 178
15 179
15 180
19 181
17 182
28 183
30 184
20 185
30 186
32 187
35 188
16 189
18 190
30 191
35 192
24 193
28 194
33 195
16 196
16 197
16 198
16 199
16 200
16 201
16 202
17 203
17 204
17 205
17 206
23 207
23 208
18 209
18 210
18 211
18 212
18 213
18 214
23 215
19 216
23 217
30 218
35 219
35 220
29 221
31 222
25 223
32 224
24 225
19 226
29 227
34 228
33 229
21 230
23 231
25 232
26 233
20 234
21 235
22 236
22 237
22 238
27 239
29 240
23 241
23 242
23 243
23 244
24 245
29 246
33 247
26 248
27 249
31 250
29 251
33 252
26 253
26 254
29 255
25 256
25 257
25 258
26 259
26 260
26 261
26 262
31 263
32 264
27 265
27 266
27 267
28 268
29 269
30 270
31 271
33 272
34 273
35 274
35 275
35 276
36 277
0.500000
