282 367 0
-0.491620 -0.250960 0.024469
-0.468760 -0.165070 0.461420
-0.452510 0.215510 -0.448800
0.453870 -0.030627 -0.480180
-0.185180 -0.318450 0.217970
-0.238550 -0.320600 -0.295540
0.144140 -0.093663 0.093644
0.463280 -0.478970 -0.293670
-0.146210 -0.161860 0.018233
-0.474770 0.291080 0.013177
-0.382980 -0.316810 -0.240110
0.235100 -0.073275 0.384000
-0.324700 0.313400 0.477070
-0.128950 0.272010 0.245160
-0.237740 0.012418 0.489610
0.321870 0.443350 -0.247240
-0.060626 0.257330 -0.290820
0.286380 -0.117380 -0.004634
-0.417550 -0.147640 0.165120
-0.256720 0.354490 0.028410
-0.365300 -0.444440 0.233420
0.129470 -0.245550 -0.355110
-0.048121 0.001666 0.149630
-0.475070 -0.165600 -0.067144
-0.105970 -0.416370 -0.302460
-0.057626 0.440420 0.269870
-0.320970 0.291960 -0.449450
0.395420 -0.154090 0.324060
0.212480 0.237160 0.433100
0.311030 0.500000 -0.256270
-0.500000 -0.252210 0.018470
-0.500000 -0.249570 0.029259
-0.500000 -0.170230 0.095492
-0.500000 -0.270100 0.025971
-0.500000 -0.252760 0.029665
-0.376040 -0.500000 -0.104230
-0.500000 -0.432240 -0.096828
-0.500000 -0.255910 0.034113
-0.500000 -0.290340 -0.195980
-0.500000 -0.255090 0.025854
-0.500000 -0.225500 0.022767
-0.039529 0.500000 -0.373240
0.500000 0.046801 -0.474010
0.500000 0.374730 -0.355880
0.473160 -0.500000 -0.350810
0.285120 -0.476110 0.500000
0.293770 -0.473610 0.500000
0.292900 -0.457770 0.500000
0.296090 -0.475120 0.500000
0.299840 -0.467960 0.500000
-0.500000 -0.173250 0.469620
-0.500000 -0.043667 0.356340
-0.500000 -0.198180 0.499270
-0.357030 -0.219310 0.500000
-0.484930 -0.142240 0.500000
-0.454860 -0.169440 0.500000
-0.500000 -0.078342 0.480550
0.459770 -0.052249 -0.500000
0.301090 0.500000 -0.267820
-0.349110 -0.500000 0.197670
-0.500000 0.207800 -0.437990
0.500000 -0.031835 -0.473240
-0.099789 -0.500000 0.367490
-0.301830 -0.500000 0.292950
-0.500000 -0.176320 -0.076244
-0.459100 0.248320 -0.500000
-0.496680 0.300310 -0.500000
-0.500000 0.256620 -0.399030
-0.500000 0.488070 -0.365550
-0.500000 0.243780 -0.224530
-0.409330 0.204890 -0.500000
-0.398810 0.099025 -0.500000
-0.500000 -0.281730 -0.241680
-0.500000 0.189550 -0.452090
-0.451290 0.222410 -0.500000
-0.500000 0.155450 -0.290480
0.253290 0.500000 -0.222250
-0.104810 0.500000 -0.199560
-0.230630 0.500000 -0.000196
0.280960 0.062674 -0.500000
0.441630 -0.027903 -0.500000
0.402760 0.500000 -0.362530
0.500000 -0.073957 -0.446160
0.449070 -0.026416 -0.500000
0.391500 -0.130400 -0.500000
0.500000 -0.019241 -0.471590
0.462410 -0.027092 -0.500000
0.439940 -0.040196 -0.500000
0.448070 -0.054851 -0.500000
0.500000 -0.046361 -0.423520
-0.352200 0.310080 -0.500000
0.500000 -0.118110 0.302190
0.054729 0.500000 0.286840
0.500000 0.353890 0.294500
0.500000 0.350920 0.302040
0.500000 0.346020 0.287560
0.500000 0.365900 0.298920
0.500000 0.325180 0.301250
0.500000 0.361020 0.303270
-0.305660 0.297180 0.500000
-0.231430 0.013911 0.500000
-0.108200 -0.500000 -0.099204
-0.016609 -0.139200 0.500000
-0.070099 -0.363160 0.500000
-0.232750 -0.500000 0.014717
-0.044328 -0.500000 0.045911
0.477040 -0.500000 -0.268770
-0.474020 -0.500000 0.313830
-0.500000 -0.150820 0.185670
-0.500000 -0.170740 0.292420
-0.500000 -0.328500 0.367880
-0.500000 0.158130 0.156760
-0.500000 0.072304 0.303960
-0.500000 0.054887 0.280120
-0.500000 0.039696 0.298280
-0.500000 0.001989 0.257500
-0.500000 0.067950 0.261110
-0.500000 0.040113 0.276030
0.076792 0.210840 -0.500000
0.038746 0.194520 -0.500000
0.063126 0.171270 -0.500000
0.063287 0.120140 -0.500000
-0.076241 0.222700 -0.500000
-0.029669 -0.500000 -0.194830
-0.085630 -0.500000 -0.200610
-0.000078 -0.500000 -0.210650
-0.016289 -0.500000 -0.285510
-0.088438 -0.500000 -0.282410
-0.260410 -0.500000 -0.253000
-0.261020 -0.226340 -0.500000
-0.173410 -0.500000 -0.377480
-0.160860 -0.500000 -0.489710
0.500000 0.148310 -0.054314
0.500000 -0.067223 0.043465
0.500000 -0.099721 0.202070
-0.321360 0.309740 0.500000
-0.238280 0.017951 0.500000
-0.500000 -0.405180 0.444660
0.138890 -0.500000 -0.076798
0.426900 0.500000 -0.057608
-0.500000 0.307750 -0.000750
-0.500000 0.473710 -0.249140
-0.441920 0.500000 -0.340020
-0.451840 0.500000 -0.262610
-0.477230 0.500000 -0.366020
0.119340 -0.080060 0.500000
-0.006591 0.004424 0.500000
-0.208170 0.001826 0.500000
0.018193 -0.068082 0.500000
0.134120 0.095448 0.500000
0.303180 0.500000 -0.256320
0.058101 0.500000 -0.296830
0.500000 -0.469570 -0.282500
-0.418660 -0.500000 0.211120
0.436100 -0.500000 -0.283750
0.455720 -0.500000 -0.351310
0.484510 -0.500000 -0.305930
0.500000 -0.388450 -0.317670
0.450800 -0.500000 -0.303440
0.500000 -0.473900 -0.292950
0.306010 -0.335790 -0.500000
0.340930 -0.500000 -0.330740
0.500000 -0.487830 -0.316590
0.500000 -0.489660 -0.197090
0.431150 -0.308010 -0.500000
0.500000 -0.415790 -0.278320
-0.500000 0.234220 -0.130720
-0.500000 0.002332 0.007482
-0.500000 0.291710 0.021188
-0.500000 0.269930 -0.074803
-0.437680 0.500000 -0.088855
-0.399120 0.500000 0.218670
-0.500000 0.236170 0.011317
-0.500000 0.283850 0.108090
-0.335550 -0.500000 -0.223790
-0.308270 -0.217130 -0.500000
-0.206270 -0.500000 -0.365140
-0.447920 -0.500000 -0.251170
-0.500000 -0.297590 -0.235240
-0.165910 -0.500000 -0.487890
-0.500000 0.254740 -0.144470
-0.500000 0.261600 -0.126760
-0.500000 0.077092 -0.108290
-0.500000 0.258090 -0.167150
0.105660 -0.227800 0.500000
-0.220000 -0.020129 0.500000
-0.126400 -0.400470 0.500000
-0.298290 0.269810 -0.500000
-0.106600 0.500000 -0.483270
-0.263050 0.407750 -0.500000
-0.347540 -0.500000 0.136840
-0.159090 -0.500000 -0.273810
-0.196720 -0.016090 -0.500000
-0.092178 -0.204890 -0.500000
-0.210910 -0.263520 -0.500000
-0.306990 0.153710 -0.500000
-0.362930 0.356280 0.500000
0.192740 -0.500000 -0.110170
-0.268560 -0.500000 0.154730
0.132820 -0.500000 -0.260560
0.199570 0.009334 0.500000
0.058457 0.163500 0.500000
-0.209550 0.019070 0.500000
0.194500 0.193740 0.500000
-0.248790 0.014132 0.500000
0.375080 0.500000 -0.321550
0.406480 0.500000 -0.046435
0.414300 0.500000 -0.090560
0.429570 0.500000 -0.059420
0.421810 0.500000 -0.055889
0.356310 0.500000 -0.009278
0.423350 0.500000 -0.040721
-0.323230 0.297130 -0.500000
-0.312490 0.317640 -0.500000
0.500000 -0.147640 -0.265320
0.500000 -0.177660 -0.373480
-0.329640 0.326340 0.500000
0.379050 0.051000 0.500000
0.466390 0.044822 0.500000
0.328160 0.208060 0.500000
0.189570 -0.149100 0.500000
0.313890 -0.212360 0.500000
0.306990 -0.077884 0.500000
-0.134770 -0.500000 -0.362940
-0.399900 -0.500000 0.116120
0.395090 0.500000 -0.158700
0.341170 0.500000 -0.083839
-0.500000 -0.209490 0.210070
-0.500000 -0.439120 0.276220
-0.500000 -0.289910 -0.225700
-0.339950 0.337880 0.500000
-0.280970 0.311510 0.500000
-0.334260 0.500000 0.420540
-0.413390 0.294240 0.500000
-0.309280 0.364340 0.500000
-0.182870 0.500000 0.281130
-0.236590 0.013530 0.500000
0.275000 0.500000 -0.323390
0.093579 0.500000 -0.422690
-0.245110 0.002149 0.500000
-0.376220 -0.298760 0.500000
-0.344250 -0.500000 0.393460
0.006482 0.284230 0.500000
-0.135710 0.500000 0.223980
0.500000 0.497910 -0.306070
0.249060 -0.297940 -0.500000
-0.221890 0.500000 -0.253460
-0.305780 0.500000 -0.059389
-0.352880 0.500000 -0.343960
-0.220910 0.025766 0.500000
-0.300140 0.051369 0.500000
0.161560 -0.500000 -0.358120
0.148470 -0.500000 -0.384530
0.078757 -0.500000 -0.364190
-0.500000 -0.450510 0.201410
-0.336210 0.289230 -0.500000
0.500000 0.168750 -0.225410
0.098227 0.500000 -0.020521
-0.067411 0.500000 0.255910
-0.122310 0.500000 0.117870
0.500000 -0.381520 0.065989
0.500000 -0.111990 -0.112750
-0.279760 0.332520 -0.500000
-0.150570 -0.500000 -0.493320
-0.154100 -0.500000 -0.482520
0.034175 0.363810 0.500000
0.189460 0.251010 0.500000
0.399280 -0.277210 0.500000
-0.500000 -0.055517 0.087821
-0.297900 0.500000 0.194220
-0.172180 0.500000 0.163150
-0.135980 0.500000 0.298250
-0.500000 -0.119690 -0.051343
0.179390 -0.214180 -0.500000
0.420540 -0.125720 0.500000
0.500000 -0.330260 0.218870
-0.075107 0.500000 0.337770
0.087702 0.438830 0.500000
-0.097512 0.500000 0.244180
-0.320030 0.327940 -0.500000
0.268150 0.218690 0.500000
0.217050 0.282310 0.500000
0 4
0 8
0 10
0 18
0 20
0 23
1 4
1 14
1 18
1 20
2 5
2 10
2 16
2 23
2 26
3 15
3 16
3 17
3 21
4 5
4 6
4 8
4 10
4 11
4 14
4 18
4 20
4 22
4 24
5 8
5 10
5 16
5 21
5 23
5 24
6 8
6 11
6 13
6 15
6 16
6 17
6 21
6 22
6 24
6 25
6 27
6 28
7 17
7 21
8 9
8 10
8 16
8 18
8 19
8 21
8 22
8 23
8 24
9 12
9 13
9 18
9 19
9 22
9 23
10 20
10 23
10 24
11 17
11 22
11 27
11 28
12 13
12 14
12 19
12 25
13 14
13 15
13 16
13 18
13 19
13 22
13 25
13 28
14 18
14 22
14 28
15 16
15 17
15 19
15 22
15 25
16 17
16 19
16 21
16 22
16 23
16 25
16 26
17 21
17 24
17 27
17 28
18 19
18 20
18 22
18 23
19 22
19 25
19 26
21 24
22 25
22 28
25 28
27 28
15 29
0 30
0 31
0 32
0 33
0 34
0 35
0 36
0 37
0 38
0 39
0 40
16 41
3 42
15 43
7 44
4 45
6 46
11 47
17 48
27 49
1 50
1 51
1 52
1 53
1 54
1 55
1 56
3 57
15 58
20 59
2 60
3 61
4 62
20 63
23 64
2 65
2 66
2 67
2 68
2 69
2 70
2 71
2 72
2 73
2 74
2 75
15 76
16 77
19 78
3 79
3 80
3 81
3 82
3 83
3 84
3 85
3 86
3 87
3 88
3 89
26 90
27 91
25 92
6 93
11 94
17 95
25 96
27 97
28 98
12 99
14 100
4 101
4 102
4 103
4 104
4 105
7 106
20 107
18 108
18 109
20 110
9 111
12 112
13 113
14 114
18 115
19 116
22 117
15 118
16 119
17 120
21 121
26 122
6 123
8 124
17 125
21 126
24 127
5 128
5 129
5 130
5 131
15 132
17 133
27 134
12 135
14 136
20 137
6 138
6 139
9 140
9 141
16 142
19 143
26 144
11 145
13 146
14 147
22 148
28 149
15 150
16 151
7 152
20 153
7 154
7 155
7 156
7 157
7 158
7 159
7 160
7 161
7 162
7 163
7 164
7 165
8 166
8 167
9 168
9 169
9 170
9 171
9 172
9 173
10 174
10 175
10 176
10 177
10 178
10 179
16 180
19 181
23 182
26 183
11 184
14 185
20 186
26 187
16 188
26 189
20 190
24 191
16 192
21 193
24 194
26 195
12 196
17 197
20 198
21 199
11 200
13 201
14 202
28 203
14 204
15 205
13 206
15 207
17 208
22 209
25 210
28 211
26 212
26 213
17 214
21 215
12 216
11 217
27 218
28 219
11 220
11 221
11 222
24 223
20 224
15 225
25 226
18 227
20 228
23 229
12 230
12 231
12 232
12 233
12 234
12 235
14 236
15 237
16 238
14 239
20 240
20 241
13 242
13 243
15 244
21 245
16 246
19 247
26 248
14 249
14 250
17 251
21 252
24 253
20 254
26 255
15 256
15 257
25 258
16 259
17 260
17 261
26 262
21 263
24 264
25 265
28 266
27 267
18 268
19 269
19 270
25 271
23 272
21 273
27 274
27 275
25 276
25 277
25 278
26 279
28 280
28 281
0.500000
