267 355 0
0.135110 0.141450 -0.274640
-0.219550 0.230550 -0.213100
0.383360 0.197980 0.199260
-0.120910 -0.179500 -0.033710
0.242270 0.302640 -0.487970
0.170300 -0.448360 0.331230
0.473340 0.002154 -0.119440
0.235770 -0.053316 0.385630
0.096119 -0.342150 0.385330
-0.032695 -0.052360 0.258690
-0.341790 0.282370 0.413370
-0.147640 -0.111270 -0.095250
-0.107620 -0.117180 0.097729
0.360750 0.387540 -0.022225
-0.081438 -0.234290 -0.316010
0.010432 -0.312520 -0.247280
-0.234910 0.281450 0.341920
-0.478110 -0.139190 -0.445360
0.213440 -0.345690 -0.248820
-0.474410 0.320330 0.304700
0.279700 -0.231750 0.284780
-0.260370 0.278920 0.230900
0.252690 -0.131350 0.359370
0.129650 0.439850 -0.124420
0.244480 -0.274080 -0.213020
0.339370 0.113630 0.426070
0.140340 0.230650 0.001138
0.232620 -0.496710 -0.457910
0.031481 0.209830 -0.442440
-0.290870 -0.145210 0.073573
-0.218500 0.004877 -0.295650
0.133890 -0.019937 -0.500000
0.408800 0.135770 -0.500000
0.006718 0.500000 -0.376840
0.055328 0.500000 -0.404830
0.060731 0.500000 -0.309610
0.029726 0.500000 -0.397580
-0.371800 0.500000 -0.327660
-0.349220 0.500000 0.035993
-0.424990 0.248960 -0.500000
-0.464960 0.500000 -0.204960
-0.156410 0.500000 -0.087735
-0.249390 0.500000 -0.475800
-0.500000 -0.045399 -0.249760
-0.390220 0.500000 0.068066
-0.500000 0.431990 -0.336350
-0.426270 0.037587 -0.500000
-0.090736 -0.179240 -0.500000
0.009491 0.162080 -0.500000
-0.173140 -0.032890 -0.500000
-0.500000 0.313430 0.306730
0.228700 -0.500000 -0.464030
0.362850 -0.359530 -0.500000
0.367060 -0.353930 -0.500000
0.323560 -0.411630 -0.500000
-0.265630 0.330590 0.500000
-0.148020 0.357510 0.500000
-0.178320 -0.203000 0.500000
-0.316910 0.074054 0.500000
-0.253720 -0.011631 0.500000
-0.277210 -0.258720 0.500000
0.296200 0.430350 0.500000
0.500000 0.107150 0.299280
0.500000 0.294610 0.088167
0.414550 0.500000 0.315140
0.500000 0.201610 0.160940
0.500000 0.210810 0.322170
0.207780 0.500000 0.173370
0.175610 -0.025544 0.500000
-0.049091 -0.004243 0.500000
-0.302860 0.254030 0.500000
-0.197750 0.235660 0.500000
0.284130 0.111000 0.500000
-0.253930 -0.500000 0.000421
-0.366880 -0.500000 -0.206460
-0.500000 -0.056934 -0.245980
-0.102400 -0.500000 0.116220
0.009887 -0.500000 0.074226
-0.356760 0.434000 0.500000
-0.059848 -0.457390 0.500000
-0.059894 -0.444980 0.500000
-0.077206 -0.434850 0.500000
-0.080899 -0.446140 0.500000
-0.086960 -0.447740 0.500000
0.170380 0.424520 0.500000
0.304320 0.333370 0.500000
0.271800 0.445440 0.500000
0.500000 -0.032948 -0.128990
-0.149940 -0.500000 -0.126530
-0.327540 -0.500000 0.044752
-0.500000 -0.195270 0.225100
0.257360 0.300240 -0.500000
0.235520 0.308610 -0.500000
0.244660 0.296720 -0.500000
0.224830 0.243680 -0.500000
0.274690 0.282800 -0.500000
0.409300 0.500000 -0.482470
0.261520 0.306020 -0.500000
-0.500000 0.342470 0.412090
-0.500000 0.331000 0.312700
0.209110 -0.500000 0.303980
0.357150 -0.422860 0.500000
0.259530 -0.500000 0.205020
0.265620 -0.500000 0.284120
0.139030 -0.500000 0.388830
-0.099063 -0.500000 0.119120
0.119320 -0.500000 0.239670
0.145870 -0.500000 0.328610
-0.040092 -0.500000 0.319720
0.030922 0.253900 -0.500000
-0.347090 0.500000 0.154350
-0.353270 0.500000 0.128210
0.330780 -0.092488 0.500000
0.357400 -0.152280 0.500000
0.387260 0.053376 0.500000
0.342060 -0.500000 0.225470
-0.500000 0.303880 0.294580
-0.500000 -0.050553 0.110110
0.056438 0.255380 -0.500000
0.493370 -0.500000 -0.130510
0.500000 -0.007612 -0.061983
0.500000 0.050188 -0.122470
0.500000 -0.000892 -0.150320
0.500000 -0.157780 -0.061401
0.500000 0.013621 -0.112720
0.500000 0.040313 -0.020545
0.181790 -0.055489 -0.500000
0.500000 -0.249920 -0.454730
0.497840 -0.418540 -0.500000
0.500000 0.079314 -0.396200
0.500000 -0.020995 -0.110190
0.500000 -0.007715 -0.091554
0.500000 0.128420 -0.121220
0.321160 -0.396540 0.500000
0.383450 -0.386280 0.500000
0.368950 -0.350830 0.500000
-0.128970 0.223700 -0.500000
0.311540 -0.050112 0.500000
0.207960 -0.134210 0.500000
0.066691 -0.500000 0.478960
0.128790 -0.297990 0.500000
-0.101570 -0.500000 0.117590
-0.034160 -0.390060 0.500000
0.112750 -0.500000 0.341580
0.232350 -0.500000 -0.461050
-0.169080 0.500000 0.159020
-0.180480 0.500000 0.106800
0.071428 0.500000 -0.094340
-0.244150 -0.500000 0.157870
0.363850 -0.500000 -0.188090
0.424240 -0.500000 0.008915
0.402190 -0.500000 -0.163760
0.238810 -0.500000 -0.450380
0.500000 -0.177770 0.396650
0.500000 -0.121110 0.443400
0.500000 0.031949 0.467020
0.500000 0.428600 -0.068154
0.093250 -0.168250 0.500000
-0.080127 -0.350130 0.500000
-0.096686 0.381220 -0.500000
-0.334610 -0.500000 -0.306550
-0.254460 -0.500000 -0.274790
-0.493250 -0.500000 -0.347560
-0.431510 -0.500000 -0.177220
0.405870 0.500000 0.254620
0.412080 0.500000 0.333310
-0.485920 0.240660 0.500000
-0.355800 0.500000 0.241700
-0.500000 0.256530 0.438210
-0.406600 0.500000 0.172910
-0.139850 0.500000 0.442880
-0.358300 0.214080 0.500000
-0.500000 0.111390 0.421630
-0.406760 0.385560 0.500000
-0.395090 0.271330 0.500000
-0.500000 -0.451850 0.496810
0.122450 0.500000 -0.162420
0.374580 0.085991 0.500000
0.465650 -0.500000 0.188240
-0.500000 -0.055479 -0.247120
-0.500000 -0.057802 -0.252260
-0.500000 -0.078534 -0.306780
-0.500000 0.041912 -0.108470
-0.500000 -0.042255 -0.233810
-0.500000 -0.057771 -0.237780
-0.500000 -0.052290 -0.252280
-0.309510 0.500000 0.210420
-0.500000 0.310080 0.321900
-0.102850 0.303480 0.500000
0.320080 0.152800 0.500000
-0.387140 0.500000 0.159680
-0.432510 0.500000 0.158660
-0.392070 0.500000 0.139230
-0.500000 -0.135330 -0.469890
0.078015 0.201490 -0.500000
0.231170 -0.500000 -0.461730
0.500000 0.348470 -0.015747
-0.500000 -0.149830 -0.436870
-0.102370 -0.500000 0.116490
0.016472 -0.500000 0.100140
-0.091682 -0.378690 0.500000
0.253270 0.500000 0.066781
0.493560 0.173950 -0.500000
0.424610 0.500000 -0.330370
0.500000 0.498330 -0.085108
0.078742 -0.108180 -0.500000
-0.156640 -0.262390 -0.500000
-0.102310 -0.500000 0.115490
-0.142970 -0.483340 -0.500000
-0.061915 -0.302540 -0.500000
-0.447270 -0.221280 -0.500000
-0.500000 -0.409360 0.116640
0.109000 -0.114390 -0.500000
0.072500 -0.500000 -0.220650
-0.101980 -0.500000 0.115300
-0.095015 -0.500000 -0.453060
0.032614 -0.500000 -0.001974
0.500000 0.175390 0.443850
0.149570 -0.121280 -0.500000
0.153510 -0.102640 -0.500000
0.192930 -0.323750 -0.500000
0.080230 0.078563 -0.500000
0.050633 -0.048561 -0.500000
0.236960 -0.500000 -0.455650
-0.078075 0.500000 0.401980
0.004200 0.500000 0.226900
-0.423850 -0.173130 -0.500000
-0.458290 -0.037377 -0.500000
-0.474600 -0.204440 -0.500000
0.213390 -0.184060 0.500000
0.283930 -0.003242 0.500000
0.496020 -0.419920 -0.500000
0.141650 -0.500000 -0.222900
0.099695 -0.500000 -0.017116
-0.500000 0.271630 0.319460
-0.500000 0.394100 0.393590
0.231260 -0.500000 -0.458100
0.500000 -0.294290 0.210260
-0.101460 -0.500000 0.116920
0.500000 -0.215490 0.321020
0.095687 -0.500000 0.142290
0.500000 -0.395540 0.430260
0.482300 -0.302500 -0.500000
-0.500000 -0.213860 0.122630
0.025057 0.208170 -0.500000
-0.003845 0.500000 0.187050
-0.226810 -0.148470 -0.500000
0.234230 -0.439340 -0.500000
-0.285020 0.082897 -0.500000
-0.418620 0.016083 -0.500000
0.132130 0.500000 -0.029273
0.300100 0.500000 -0.310730
0.339330 0.500000 -0.125810
-0.500000 -0.173670 0.150790
0.496450 -0.419560 -0.500000
0.094096 -0.500000 0.019815
0.487600 -0.423400 -0.500000
0.227820 -0.500000 -0.448790
0.138140 0.500000 0.112650
-0.011821 0.177620 -0.500000
0.233070 -0.500000 -0.456170
0.235010 -0.500000 -0.461750
0.224400 -0.500000 -0.461360
0.198860 -0.485500 -0.500000
-0.102700 -0.500000 0.116450
-0.500000 -0.121380 0.259020
-0.110450 -0.383190 0.500000
0 1
0 3
0 4
0 6
0 11
0 13
0 14
0 15
0 23
0 24
0 26
0 28
0 30
1 11
1 12
1 19
1 21
1 23
1 26
1 28
1 29
1 30
2 6
2 7
2 9
2 13
2 20
2 22
2 25
2 26
3 11
3 12
3 14
3 15
3 20
3 24
3 26
3 29
4 6
4 13
4 23
4 28
5 8
5 20
6 13
6 20
6 24
6 26
7 8
7 9
7 16
7 22
7 25
7 26
8 9
8 12
8 20
8 22
9 10
9 12
9 16
9 20
9 21
9 22
9 25
9 26
9 29
10 16
10 19
10 21
10 29
11 12
11 14
11 15
11 21
11 24
11 26
11 29
11 30
12 20
12 21
12 24
12 26
12 29
13 23
13 26
14 15
14 17
14 24
14 27
14 30
15 18
15 24
15 27
16 19
16 21
16 25
16 26
16 29
17 30
18 24
18 27
19 21
19 29
20 22
20 24
20 25
20 26
21 23
21 26
21 29
22 25
22 26
23 26
23 28
24 26
25 26
28 30
29 30
0 31
0 32
1 33
4 34
23 35
28 36
1 37
1 38
1 39
1 40
1 41
1 42
1 43
1 44
1 45
1 46
14 47
28 48
30 49
19 50
27 51
18 52
24 53
27 54
10 55
16 56
9 57
10 58
16 59
29 60
2 61
2 62
2 63
2 64
2 65
2 66
2 67
7 68
9 69
10 70
16 71
25 72
3 73
3 74
3 75
3 76
3 77
10 78
5 79
8 80
9 81
12 82
29 83
16 84
25 85
26 86
6 87
15 88
29 89
29 90
4 91
4 92
4 93
4 94
4 95
4 96
4 97
10 98
19 99
5 100
5 101
5 102
5 103
5 104
5 105
5 106
5 107
8 108
28 109
16 110
21 111
7 112
22 113
25 114
20 115
19 116
29 117
28 118
6 119
6 120
6 121
6 122
6 123
6 124
6 125
6 126
6 127
6 128
6 129
6 130
6 131
6 132
8 133
20 134
22 135
28 136
7 137
7 138
8 139
8 140
8 141
8 142
8 143
27 144
16 145
21 146
23 147
29 148
18 149
20 150
24 151
27 152
20 153
22 154
25 155
13 156
9 157
9 158
28 159
14 160
15 161
17 162
29 163
13 164
25 165
10 166
10 167
10 168
10 169
10 170
10 171
10 172
10 173
10 174
29 175
23 176
25 177
20 178
11 179
14 180
17 181
19 182
21 183
29 184
30 185
16 186
19 187
16 188
25 189
16 190
19 191
21 192
17 193
28 194
27 195
13 196
17 197
12 198
12 199
12 200
13 201
13 202
13 203
13 204
14 205
14 206
14 207
14 208
14 209
14 210
29 211
15 212
15 213
15 214
15 215
15 216
25 217
18 218
24 219
27 220
28 221
30 222
27 223
16 224
16 225
17 226
17 227
17 228
22 229
25 230
18 231
18 232
18 233
19 234
19 235
27 236
20 237
20 238
20 239
20 240
20 241
24 242
29 243
28 244
21 245
30 246
27 247
28 248
30 249
23 250
23 251
23 252
29 253
24 254
24 255
27 256
27 257
26 258
28 259
27 260
27 261
27 262
27 263
29 264
29 265
29 266
0.500000
